/*--------------------------------*- C++ -*----------------------------------*\
| =========                 |                                                 |
| \\      /  F ield         | OpenFOAM: The Open Source CFD Toolbox           |
|  \\    /   O peration     | Version:  v2006                                 |
|   \\  /    A nd           | Website:  www.openfoam.com                      |
|    \\/     M anipulation  |                                                 |
\*---------------------------------------------------------------------------*/
FoamFile
{
    version     2.0;
    format      ascii;
    class       faceSet;
    location    "constant/polyMesh/sets";
    object      nonOrthoFaces;
}
// * * * * * * * * * * * * * * * * * * * * * * * * * * * * * * * * * * * * * //


2087
(
135170
53254
159756
135185
266260
143385
155676
131104
131105
131106
262180
69676
131118
131119
131120
131121
53305
225339
163899
131133
131134
159807
131135
131136
143436
131148
131149
131150
155727
131151
262231
131163
131164
131165
131166
151647
69727
131178
131179
131180
53356
131181
159858
131193
131194
131195
131196
143487
155778
135300
82054
131208
131209
262282
131210
131211
262286
262289
151698
69778
135315
262292
262295
131223
262298
131226
262301
53407
262304
135330
262307
49316
159909
262310
49320
262313
131241
262316
49324
262319
49328
135345
262322
143538
61618
49332
262325
155829
262328
262331
262333
262335
135360
262337
221379
262340
151749
69829
262343
262346
262349
135375
262352
53458
262355
262358
139479
159960
262361
205018
139483
262364
205022
135390
262367
139487
262370
205026
258275
139491
262373
143589
61669
205030
258279
139495
262376
155880
262379
258283
205035
135405
262382
258287
262384
262386
262388
258292
262391
69880
262394
262397
131326
262400
262403
53509
262406
262409
160011
262412
131340
131341
78094
262415
262418
262421
262424
143640
172314
262427
155931
131355
131356
262430
262433
262435
262437
131370
131371
69931
53560
131385
131386
160062
131400
131401
143691
278860
155982
135505
131415
131416
69982
135519
135520
131430
131431
270697
53611
147822
135534
135535
160113
74101
131446
135549
143742
135550
156033
131461
135564
135565
70033
74134
49559
135579
49563
270748
135580
53662
49567
147873
168354
49571
160164
49575
135594
135595
156084
135610
70084
135625
270799
53713
274900
147924
160215
131546
139739
205278
139743
205282
139747
205286
258535
156135
139751
131560
131561
205290
258539
139755
86509
258543
205295
258547
131575
70135
258552
131576
270850
53764
131590
131591
66055
160266
266770
131605
131606
143895
238105
156186
131620
131621
164394
70186
135723
135725
131635
131636
53815
135736
66106
135739
135740
160317
246334
131651
266821
135751
143946
135754
135755
156237
131666
135766
135769
135770
70237
135781
135784
135785
53866
66157
160368
82549
135799
266872
135800
143997
156288
135814
135815
49802
49806
70288
49810
135829
135830
49814
49818
53917
66208
160419
266923
144048
221874
156339
131766
70339
131780
131781
53968
131795
66259
131796
160470
266974
139999
205538
131810
144099
140003
131811
205542
156390
140007
205546
258795
140011
205550
258799
140015
131825
140018
131826
258803
205555
140021
70390
258807
140024
140027
258812
78589
140030
131841
135939
135941
135943
172809
160521
135945
135946
135950
131856
267025
135953
135956
135957
144150
135959
135960
156441
135961
135965
131871
135968
262945
135971
135972
135974
135975
135976
152361
70441
135980
135983
135986
135987
135989
135990
54070
135991
279355
135995
160572
135998
136001
136002
136004
136005
136006
144201
136010
156492
136013
136016
136017
136019
262996
136020
136021
152412
136028
70492
136031
136032
136034
136035
136036
74596
54121
136043
136046
160623
136049
136050
136051
144252
136061
50045
156543
136064
136065
50049
136066
74629
50053
263047
50057
50061
152463
70543
168849
131986
54172
132001
160674
144303
62383
132016
156594
263098
132031
152514
70594
275395
132046
54223
160725
136158
136159
136160
136161
136162
62434
140259
136163
136164
156645
136165
205798
136166
140263
136168
136169
205802
136170
140267
136171
136172
263149
136173
205806
136174
259055
140271
136175
136176
136177
205810
136178
259059
140275
136179
136180
136181
70645
259063
205815
136184
136185
136186
259067
136187
136188
136189
136190
136191
259072
136192
136193
136194
54274
136195
136196
160776
136200
136201
136202
136203
136204
136205
136206
136207
136208
136209
136210
136211
136215
156696
136216
164889
136217
136218
136219
136220
136221
136222
136223
263200
136224
136225
136226
140325
136230
136231
136232
70696
136233
136234
136235
136236
136237
136238
136239
136240
136241
136245
54325
136247
136248
136249
136250
160827
136251
136252
136253
136254
136255
136256
136260
136263
136264
136265
136266
156747
136267
136268
136269
136270
136271
136275
136278
140376
136280
136281
136283
70747
136284
136286
83044
136293
136296
54376
136298
136299
136301
160878
50288
50292
50296
136314
50300
156798
50304
140427
193678
70798
271513
54427
148638
222369
160929
193711
156849
140478
70849
271564
54478
193744
148689
156900
206058
79084
206062
193777
140529
206066
259315
70900
206070
259319
173304
259323
206075
271615
259327
54529
259332
66820
267535
193810
156951
140580
70951
54580
66871
267586
144711
157002
75091
140631
71002
50531
54631
50535
66922
50539
50543
50547
75124
267637
144762
157053
169344
140682
71053
54682
234909
66973
267688
136619
144813
136623
157104
275890
136627
136631
136635
140733
71104
67024
267739
144864
157155
206318
140784
206322
71155
206326
259575
206330
259579
259583
206335
259587
259592
165384
267790
157206
263710
140835
153126
71206
54835
157257
263761
83539
140886
50774
153177
71257
50778
50782
50786
54886
50790
63097
157308
263812
140937
153228
71308
222864
161424
54937
63148
157359
136879
136883
263863
136887
136891
140988
153279
136895
71359
54988
79579
63199
157410
46818
173799
263914
141039
46832
71410
206586
259835
206590
46846
259839
55039
259843
206595
259847
259852
46860
157461
263965
141090
71461
55090
75586
157512
51017
51021
51025
141141
51029
71512
51033
75619
55141
169839
157563
141192
71563
55192
149403
276385
157614
47023
137139
137143
141243
137147
47037
71614
137151
137155
272329
55243
47051
149454
67534
47065
157665
47079
141294
71665
47093
165879
272380
55294
260095
67585
260099
260103
206855
260107
260112
157716
141345
71716
55345
67636
51260
268351
51264
84034
145476
51268
157767
51272
51276
141396
71767
55396
67687
268402
145527
157818
47228
223359
161919
141447
71818
47242
55447
47256
67738
268453
47270
145578
157869
47284
137399
141498
137403
235708
71869
137407
47298
137411
137415
80074
67789
47312
174294
268504
145629
157920
243937
141549
153840
71920
67840
260359
268555
260363
260367
157971
260372
264475
141600
153891
71971
51503
55600
76081
67891
51507
51511
51515
51519
158022
47433
264526
76114
141651
153942
72022
47447
170334
55651
47461
67942
47475
63862
158073
43389
43390
43391
264577
47489
43393
207234
43395
43396
43397
141702
43398
43399
43400
153993
72073
43402
43404
43405
43406
47503
43407
276880
43408
207249
43409
43411
43413
55702
43414
43415
43416
67993
43417
43418
43420
47517
43422
43423
207264
43424
43425
43426
43427
43429
43431
43432
63913
43433
43434
47531
43435
158124
43436
43438
207279
43440
43441
43442
43443
264628
43444
43445
43447
141753
43449
43450
137659
43451
154044
72124
43452
43453
207294
43454
137663
43456
43458
137667
43459
43460
43461
137671
43463
55753
43465
137675
43467
207309
43470
43472
43474
207324
63964
158175
166374
264679
207339
141804
72175
207354
55804
207358
43521
43522
43523
43524
43525
207373
43533
43534
43535
43536
43537
158226
43538
43539
47638
264730
43547
43548
43549
43550
141855
43551
43552
43553
72226
51746
47652
51750
43561
51754
43562
43563
43564
43565
51758
43566
55855
43567
84529
51762
47666
43575
43576
43577
43578
43579
43580
43581
47680
158277
43589
43590
43591
43592
43593
207434
43594
43595
47694
141906
43603
43604
72277
43605
43606
43607
43608
207449
43609
47708
43617
55906
43618
43619
43620
68197
43621
43622
43623
207464
47722
223854
162414
43631
43632
43634
43635
43637
207479
158328
47736
43645
43648
43649
43651
141957
207494
72328
43662
43665
207509
55957
150168
68248
207524
158379
207539
142008
80569
72379
137919
207554
137923
137927
56008
150219
137931
68299
43726
137935
43728
207569
43729
43730
43738
43740
43741
158430
43742
43743
207584
43744
47843
43752
43754
142059
43755
43756
43757
72430
43758
207599
47857
43766
43768
43769
219898
43770
43771
43772
207614
68350
47871
207618
43780
207622
43782
43783
43784
43785
207626
43786
47885
207633
158481
43794
43796
207637
51989
43797
43798
43799
207640
43800
51993
219931
207643
47899
51997
207646
142110
76576
43808
72481
52001
207650
43811
43812
52005
43813
43814
47913
43822
68401
43825
43826
43827
43828
47927
269116
219964
207679
43839
43840
76609
43842
158532
47941
170829
43853
207694
43854
43856
142161
72532
219997
207709
43870
68452
207724
269167
146292
158583
207739
220030
277375
142212
72583
207754
68503
207769
43933
43934
220063
43935
269218
48034
146343
207784
158634
43946
43947
43948
43949
48047
48048
207799
142263
43960
43961
72634
43962
43963
48061
48062
220096
138179
207814
43974
138183
43975
43976
43977
68554
138187
48076
138191
138195
43988
269269
207829
166869
43989
43990
43991
146394
48090
236507
158685
220129
44002
44003
207844
44004
44005
48104
142314
154605
72685
44016
44017
44018
207859
44019
48118
68605
44030
44031
244736
44032
44033
220162
207874
48132
207878
269320
52232
207882
52236
44044
44045
207886
261135
44047
158736
52240
48146
261139
52244
207893
265240
52249
52252
142365
44061
52255
154656
85024
72736
52258
220195
52261
56365
68656
244786
64576
158787
265291
142416
154707
72787
224349
162909
56416
68707
44138
44139
44140
48239
64627
158838
44151
261240
44152
44153
44154
48252
48253
265342
142467
44165
154758
72838
44166
261255
44167
44168
48266
48267
56467
44179
44180
44181
261270
68758
44182
48280
48281
220315
220318
220321
44193
44194
44195
44196
261285
220325
64678
48294
48295
81064
158889
44207
220336
44208
265393
44209
44210
220339
261300
48308
48309
220342
142518
220345
154809
72889
220348
44221
44222
220351
44223
44224
220354
48322
261315
48323
220358
56518
138439
68809
138443
44237
220366
44238
138447
220369
48337
261330
138451
220372
220375
138455
64729
220378
158940
44252
220381
220384
261345
220387
265444
220389
220391
142569
44266
72940
261360
56569
52475
68860
261375
52479
52483
52487
261390
158991
261395
134420
265495
261399
261403
142620
261407
72991
261409
134435
261413
261416
261419
56620
261422
68911
77104
261426
134450
48440
44345
48442
171324
52540
48444
48445
134465
159042
48451
48454
44358
48455
44359
48457
48458
48459
142671
134480
48465
73042
48468
44372
48469
44373
48471
48472
48473
134495
56671
48479
150882
68962
48482
44386
48483
44387
48485
48486
48487
261485
48493
277870
52591
48496
44400
48497
44401
48499
48500
159093
48501
48507
261500
48510
44414
48511
44415
48513
142722
48514
48515
73093
261515
48524
44428
44429
48527
48528
48529
56722
150933
69013
261530
48538
44443
48541
48542
52642
159144
261545
44457
48555
48556
142773
261560
73144
167364
261575
150984
69064
138699
204238
138703
204242
138707
130515
130516
52693
261590
204246
130518
138711
130520
204250
130522
159195
138715
130523
130524
130525
130526
204255
130528
130530
130532
261605
130533
130534
130535
142824
130536
130538
130540
130542
130543
134640
130544
130545
130546
261620
130548
273910
130550
130552
130553
130554
130555
69115
130556
130558
134655
130560
130562
261635
130563
48643
130564
130565
48645
130566
48646
44550
48647
130568
52744
48648
48649
130570
48650
130572
130573
48653
159246
134670
130574
48654
130575
85519
130576
48656
48657
261650
130578
48658
48659
44563
130580
48660
44564
48661
130582
48662
261655
130583
48663
130584
48664
130585
130586
261659
142875
48667
130588
48668
134685
130590
48670
261663
48671
130592
48672
130593
48673
44577
130594
48674
44578
261667
130595
48675
48676
261669
48677
130598
48678
261672
130600
48681
130602
48682
134700
48684
130605
48685
69166
48686
48687
44591
130608
48688
44592
48689
130610
48690
48691
48692
48695
48696
48698
134715
52795
48699
48700
48701
44605
48702
44606
48703
48704
159297
48705
48706
48709
48712
48713
134730
48714
48715
224844
163404
48716
44620
48717
142926
48718
48719
48720
48723
48726
48727
48728
48729
48730
44634
48731
48732
48733
208478
48734
208481
69217
48737
208484
48740
130662
48742
208487
130663
48743
130664
48744
44648
130665
48745
208490
130666
48746
48747
269932
48748
208493
52846
48751
208496
147057
208498
48754
130675
159348
130676
208501
130677
48757
130678
44662
130679
48759
208504
130680
48760
130681
48762
208507
208510
48768
208513
142977
130690
130691
48771
208516
130692
130693
48773
130694
48774
208519
130695
130696
48776
208522
208525
208528
130705
130706
208531
130707
130708
69268
48788
130709
208534
130710
130711
81559
208537
208540
269983
208543
130720
130721
52897
208546
130722
130723
208548
147108
130724
130725
130726
208551
159399
208554
208557
130735
208560
130736
130737
130738
208563
130739
143028
130740
130741
208566
155319
208569
208572
130750
208575
130751
130752
130753
208578
130754
130755
130756
208581
69319
208584
208587
134860
130765
208590
130766
138959
130767
130768
208593
130769
270034
204498
130770
138963
130771
44755
220884
208596
52948
208598
204502
147159
138967
208601
204506
159450
138971
134875
208604
130780
204510
208607
138975
130783
130784
44769
208610
130786
204515
208613
143079
208616
155370
134890
208619
208622
130798
130799
44783
208625
130801
208628
208631
134905
237306
208634
69370
208637
44797
208640
130816
208643
270085
208646
52999
134920
44811
159501
266005
134935
44825
143130
155421
245535
77599
134950
44839
57130
171819
69421
134965
44853
53050
65341
159552
130884
130885
130886
266056
143181
155472
245585
130897
130898
130899
130900
130901
278365
57181
130912
69472
130913
130914
130915
130916
53101
130927
130928
65392
130929
130930
159603
130931
266107
130942
130943
143232
130944
130945
130946
155523
73606
130958
130959
130960
57232
130961
69523
130973
130974
130975
130976
53152
44960
65443
274341
159654
73639
135080
130988
130989
266158
130990
44974
130991
49073
167859
143283
49077
155574
135095
274361
49081
131003
274364
131004
44988
49085
131006
274367
49089
274370
57283
274374
135110
69574
131018
131021
139219
53203
274388
135125
204758
65494
274391
139223
159705
274394
204762
139227
131036
274397
204766
258015
139231
274400
266209
204770
274403
258019
139235
135140
274405
143334
274407
258023
204775
155625
258027
258032
135155
57334
69625
86014
)


// ************************************************************************* //
