FoamFile
{
    version     2.0;
    format      ascii;
    class       faceSet;
    location    "constant/polyMesh/sets";
    object      vc-2-boundaryFaces;
}

12682     
(
 281833 281834 281835 281836 281837 281838 281839 281840 281841 281842
 281843 281844 281845 281846 281847 281848 281849 281850 281851 281852
 281853 281854 281855 281856 281857 281858 281859 281860 281861 281862
 281863 281864 281865 281866 281867 281868 281869 281870 281871 281872
 281873 281874 281875 281876 281877 281878 281879 281880 281881 281882
 281883 281884 281885 281886 281887 281888 281889 281890 281891 281892
 281893 281894 281895 281896 281897 281898 281899 281900 281901 281902
 281903 281904 281905 281906 281907 281908 281909 281910 281911 281912
 281913 281914 281915 281916 281917 281918 281919 281920 281921 281922
 281923 281924 281925 281926 281927 281928 281929 281930 281931 281932
 281933 281934 281935 281936 281937 281938 281939 281940 281941 281942
 281943 281944 281945 281946 281947 281948 281949 281950 281951 281952
 281953 281954 281955 281956 281957 281958 281959 281960 281961 281962
 281963 281964 281965 281966 281967 281968 281969 281970 281971 281972
 281973 281974 281975 281976 281977 281978 281979 281980 281981 281982
 281983 281984 281985 281986 281987 281988 281989 281990 281991 281992
 281993 281994 281995 281996 281997 281998 281999 282000 282001 282002
 282003 282004 282005 282006 282007 282008 282009 282010 282011 282012
 282013 282014 282015 282016 282017 282018 282019 282020 282021 282022
 282023 282024 282025 282026 282027 282028 282029 282030 282031 282032
 282033 282034 282035 282036 282037 282038 282039 282040 282041 282042
 282043 282044 282045 282046 282047 282048 282049 282050 282051 282052
 282053 282054 282055 282056 282057 282058 282059 282060 282061 282062
 282063 282064 282065 282066 282067 282068 282069 282070 282071 282072
 282073 282074 282075 282076 282077 282078 282079 282080 282081 282082
 282083 282084 282085 282086 282087 282088 282089 282090 282091 282092
 282093 282094 282095 282096 282097 282098 282099 282100 282101 282102
 282103 282104 282105 282106 282107 282108 282109 282110 282111 282112
 282113 282114 282115 282116 282117 282118 282119 282120 282121 282122
 282123 282124 282125 282126 282127 282128 282129 282130 282131 282132
 282133 282134 282135 282136 282137 282138 282139 282140 282141 282142
 282143 282144 282145 282146 282147 282148 282149 282150 282151 282152
 282153 282154 282155 282156 282157 282158 282159 282160 282161 282162
 282163 282164 282165 282166 282167 282168 282169 282170 282171 282172
 282173 282174 282175 282176 282177 282178 282179 282180 282181 282182
 282183 282184 282185 282186 282187 282188 282189 282190 282191 282192
 282193 282194 282195 282196 282197 282198 282199 282200 282201 282202
 282203 282204 282205 282206 282207 282208 282209 282210 282211 282212
 282213 282214 282215 282216 282217 282218 282219 282220 282221 282222
 282223 282224 282225 282226 282227 282228 282229 282230 282231 282232
 282233 282234 282235 282236 282237 282238 282239 282240 282241 282242
 282243 282244 282245 282246 282247 282248 282249 282250 282251 282252
 282253 282254 282255 282256 282257 282258 282259 282260 282261 282262
 282263 282264 282265 282266 282267 282268 282269 282270 282271 282272
 282273 282274 282275 282276 282277 282278 282279 282280 282281 282282
 282283 282284 282285 282286 282287 282288 282289 282290 282291 282292
 282293 282294 282295 282296 282297 282298 282299 282300 282301 282302
 282303 282304 282305 282306 282307 282308 282309 282310 282311 282312
 282313 282314 282315 282316 282317 282318 282319 282320 282321 282322
 282323 282324 282325 282326 282327 282328 282329 282330 282331 282332
 282333 282334 282335 282336 282337 282338 282339 282340 282341 282342
 282343 282344 282345 282346 282347 282348 282349 282350 282351 282352
 282353 282354 282355 282356 282357 282358 282359 282360 282361 282362
 282363 282364 282365 282366 282367 282368 282369 282370 282371 282372
 282373 282374 282375 282376 282377 282378 282379 282380 282381 282382
 282383 282384 282385 282386 282387 282388 282389 282390 282391 282392
 282393 282394 282395 282396 282397 282398 282399 282400 282401 282402
 282403 282404 282405 282406 282407 282408 282409 282410 282411 282412
 282413 282414 282415 282416 282417 282418 282419 282420 282421 282422
 282423 282424 282425 282426 282427 282428 282429 282430 282431 282432
 282433 282434 282435 282436 282437 282438 282439 282440 282441 282442
 282443 282444 282445 282446 282447 282448 282449 282450 282451 282452
 282453 282454 282455 282456 282457 282458 282459 282460 282461 282462
 282463 282464 282465 282466 282467 282468 282469 282470 282471 282472
 282473 282474 282475 282476 282477 282478 282479 282480 282481 282482
 282483 282484 282485 282486 282487 282488 282489 282490 282491 282492
 282493 282494 282495 282496 282497 282498 282499 282500 282501 282502
 282503 282504 282505 282506 282507 282508 282509 282510 282511 282512
 282513 282514 282515 282516 282517 282518 282519 282520 282521 282522
 282523 282524 282525 282526 282527 282528 282529 282530 282531 282532
 282533 282534 282535 282536 282537 282538 282539 282540 282541 282542
 282543 282544 282545 282546 282547 282548 282549 282550 282551 282552
 282553 282554 282555 282556 282557 282558 282559 282560 282561 282562
 282563 282564 282565 282566 282567 282568 282569 282570 282571 282572
 282573 282574 282575 282576 282577 282578 282579 282580 282581 282582
 282583 282584 282585 282586 282587 282588 282589 282590 282591 282592
 282593 282594 282595 282596 282597 282598 282599 282600 282601 282602
 282603 282604 282605 282606 282607 282608 282609 282610 282611 282612
 282613 282614 282615 282616 282617 282618 282619 282620 282621 282622
 282623 282624 282625 282626 282627 282628 282629 282630 282631 282632
 282633 282634 282635 282636 282637 282638 282639 282640 282641 282642
 282643 282644 282645 282646 282647 282648 282649 282650 282651 282652
 282653 282654 282655 282656 282657 282658 282659 282660 282661 282662
 282663 282664 282665 282666 282667 282668 282669 282670 282671 282672
 282673 282674 282675 282676 282677 282678 282679 282680 282681 282682
 282683 282684 282685 282686 282687 282688 282689 282690 282691 282692
 282693 282694 282695 282696 282697 282698 282699 282700 282701 282702
 282703 282704 282705 282706 282707 282708 282709 282710 282711 282712
 282713 282714 282715 282716 282717 282718 282719 282720 282721 282722
 282723 282724 282725 282726 282727 282728 282729 282730 282731 282732
 282733 282734 282735 282736 282737 282738 282739 282740 282741 282742
 282743 282744 282745 282746 282747 282748 282749 282750 282751 282752
 282753 282754 282755 282756 282757 282758 282759 282760 282761 282762
 282763 282764 282765 282766 282767 282768 282769 282770 282771 282772
 282773 282774 282775 282776 282777 282778 282779 282780 282781 282782
 282783 282784 282785 282786 282787 282788 282789 282790 282791 282792
 282793 282794 282795 282796 282797 282798 282799 282800 282801 282802
 282803 282804 282805 282806 282807 282808 282809 282810 282811 282812
 282813 282814 282815 282816 282817 282818 282819 282820 282821 282822
 282823 282824 282825 282826 282827 282828 282829 282830 282831 282832
 282833 282834 282835 282836 282837 282838 282839 282840 282841 282842
 282843 282844 282845 282846 282847 282848 282849 282850 282851 282852
 282853 282854 282855 282856 282857 282858 282859 282860 282861 282862
 282863 282864 282865 282866 282867 282868 282869 282870 282871 282872
 282873 282874 282875 282876 282877 282878 282879 282880 282881 282882
 282883 282884 282885 282886 282887 282888 282889 282890 282891 282892
 282893 282894 282895 282896 282897 282898 282899 282900 282901 282902
 282903 282904 282905 282906 282907 282908 282909 282910 282911 282912
 282913 282914 282915 282916 282917 282918 282919 282920 282921 282922
 282923 282924 282925 282926 282927 282928 282929 282930 282931 282932
 282933 282934 282935 282936 282937 282938 282939 282940 282941 282942
 282943 282944 282945 282946 282947 282948 282949 282950 282951 282952
 282953 282954 282955 282956 282957 282958 282959 282960 282961 282962
 282963 282964 282965 282966 282967 282968 282969 282970 282971 282972
 282973 282974 282975 282976 282977 282978 282979 282980 282981 282982
 282983 282984 282985 282986 282987 282988 282989 282990 282991 282992
 282993 282994 282995 282996 282997 282998 282999 283000 283001 283002
 283003 283004 283005 283006 283007 283008 283009 283010 283011 283012
 283013 283014 283015 283016 283017 283018 283019 283020 283021 283022
 283023 283024 283025 283026 283027 283028 283029 283030 283031 283032
 283033 283034 283035 283036 283037 283038 283039 283040 283041 283042
 283043 283044 283045 283046 283047 283048 283049 283050 283051 283052
 283053 283054 283055 283056 283057 283058 283059 283060 283061 283062
 283063 283064 283065 283066 283067 283068 283069 283070 283071 283072
 283073 283074 283075 283076 283077 283078 283079 283080 283081 283082
 283083 283084 283085 283086 283087 283088 283089 283090 283091 283092
 283093 283094 283095 283096 283097 283098 283099 283100 283101 283102
 283103 283104 283105 283106 283107 283108 283109 283110 283111 283112
 283113 283114 283115 283116 283117 283118 283119 283120 283121 283122
 283123 283124 283125 283126 283127 283128 283129 283130 283131 283132
 283133 283134 283135 283136 283137 283138 283139 283140 283141 283142
 283143 283144 283145 283146 283147 283148 283149 283150 283151 283152
 283153 283154 283155 283156 283157 283158 283159 283160 283161 283162
 283163 283164 283165 283166 283167 283168 283169 283170 283171 283172
 283173 283174 283175 283176 283177 283178 283179 283180 283181 283182
 283183 283184 283185 283186 283187 283188 283189 283190 283191 283192
 283193 283194 283195 283196 283197 283198 283199 283200 283201 283202
 283203 283204 283205 283206 283207 283208 283209 283210 283211 283212
 283213 283214 283215 283216 283217 283218 283219 283220 283221 283222
 283223 283224 283225 283226 283227 283228 283229 283230 283231 283232
 283233 283234 283235 283236 283237 283238 283239 283240 283241 283242
 283243 283244 283245 283246 283247 283248 283249 283250 283251 283252
 283253 283254 283255 283256 283257 283258 283259 283260 283261 283262
 283263 283264 283265 283266 283267 283268 283269 283270 283271 283272
 283273 283274 283275 283276 283277 283278 283279 283280 283281 283282
 283283 283284 283285 283286 283287 283288 283289 283290 283291 283292
 283293 283294 283295 283296 283297 283298 283299 283300 283301 283302
 283303 283304 283305 283306 283307 283308 283309 283310 283311 283312
 283313 283314 283315 283316 283317 283318 283319 283320 283321 283322
 283323 283324 283325 283326 283327 283328 283329 283330 283331 283332
 283333 283334 283335 283336 283337 283338 283339 283340 283341 283342
 283343 283344 283345 283346 283347 283348 283349 283350 283351 283352
 283353 283354 283355 283356 283357 283358 283359 283360 283361 283362
 283363 283364 283365 283366 283367 283368 283369 283370 283371 283372
 283373 283374 283375 283376 283377 283378 283379 283380 283381 283382
 283383 283384 283385 283386 283387 283388 283389 283390 283391 283392
 283393 283394 283395 283396 283397 283398 283399 283400 283401 283402
 283403 283404 283405 283406 283407 283408 283409 283410 283411 283412
 283413 283414 283415 283416 283417 283418 283419 283420 283421 283422
 283423 283424 283425 283426 283427 283428 283429 283430 283431 283432
 283433 283434 283435 283436 283437 283438 283439 283440 283441 283442
 283443 283444 283445 283446 283447 283448 283449 283450 283451 283452
 283453 283454 283455 283456 283457 283458 283459 283460 283461 283462
 283463 283464 283465 283466 283467 283468 283469 283470 283471 283472
 283473 283474 283475 283476 283477 283478 283479 283480 283481 283482
 283483 283484 283485 283486 283487 283488 283489 283490 283491 283492
 283493 283494 283495 283496 283497 283498 283499 283500 283501 283502
 283503 283504 283505 283506 283507 283508 283509 283510 283511 283512
 283513 283514 283515 283516 283517 283518 283519 283520 283521 283522
 283523 283524 283525 283526 283527 283528 283529 283530 283531 283532
 283533 283534 283535 283536 283537 283538 283539 283540 283541 283542
 283543 283544 283545 283546 283547 283548 283549 283550 283551 283552
 283553 283554 283555 283556 283557 283558 283559 283560 283561 283562
 283563 283564 283565 283566 283567 283568 283569 283570 283571 283572
 283573 283574 283575 283576 283577 283578 283579 283580 283581 283582
 283583 283584 283585 283586 283587 283588 283589 283590 283591 283592
 283593 283594 283595 283596 283597 283598 283599 283600 283601 283602
 283603 283604 283605 283606 283607 283608 283609 283610 283611 283612
 283613 283614 283615 283616 283617 283618 283619 283620 283621 283622
 283623 283624 283625 283626 283627 283628 283629 283630 283631 283632
 283633 283634 283635 283636 283637 283638 283639 283640 283641 283642
 283643 283644 283645 283646 283647 283648 283649 283650 283651 283652
 283653 283654 283655 283656 283657 283658 283659 283660 283661 283662
 283663 283664 283665 283666 283667 283668 283669 283670 283671 283672
 283673 283674 283675 283676 283677 283678 283679 283680 283681 283682
 283683 283684 283685 283686 283687 283688 283689 283690 283691 283692
 283693 283694 283695 283696 283697 283698 283699 283700 283701 283702
 283703 283704 283705 283706 283707 283708 283709 283710 283711 283712
 283713 283714 283715 283716 283717 283718 283719 283720 283721 283722
 283723 283724 283725 283726 283727 283728 283729 283730 283731 283732
 283733 283734 283735 283736 283737 283738 283739 283740 283741 283742
 283743 283744 283745 283746 283747 283748 283749 283750 283751 283752
 283753 283754 283755 283756 283757 283758 283759 283760 283761 283762
 283763 283764 283765 283766 283767 283768 283769 283770 283771 283772
 283773 283774 283775 283776 283777 283778 283779 283780 283781 283782
 283783 283784 283785 283786 283787 283788 283789 283790 283791 283792
 283793 283794 283795 283796 283797 283798 283799 283800 283801 283802
 283803 283804 283805 283806 283807 283808 283809 283810 283811 283812
 283813 283814 283815 283816 283817 283818 283819 283820 283821 283822
 283823 283824 283825 283826 283827 283828 283829 283830 283831 283832
 283833 283834 283835 283836 283837 283838 283839 283840 283841 283842
 283843 283844 283845 283846 283847 283848 283849 283850 283851 283852
 283853 283854 283855 283856 283857 283858 283859 283860 283861 283862
 283863 283864 283865 283866 283867 283868 283869 283870 283871 283872
 283873 283874 283875 283876 283877 283878 283879 283880 283881 283882
 283883 283884 283885 283886 283887 283888 283889 283890 283891 283892
 283893 283894 283895 283896 283897 283898 283899 283900 283901 283902
 283903 283904 283905 283906 283907 283908 283909 283910 283911 283912
 283913 283914 283915 283916 283917 283918 283919 283920 283921 283922
 283923 283924 283925 283926 283927 283928 283929 283930 283931 283932
 283933 283934 283935 283936 283937 283938 283939 283940 283941 283942
 283943 283944 283945 283946 283947 283948 283949 283950 283951 283952
 283953 283954 283955 283956 283957 283958 283959 283960 283961 283962
 283963 283964 283965 283966 283967 283968 283969 283970 283971 283972
 283973 283974 283975 283976 283977 283978 283979 283980 283981 283982
 283983 283984 283985 283986 283987 283988 283989 283990 283991 283992
 283993 283994 283995 283996 283997 283998 283999 284000 284001 284002
 284003 284004 284005 284006 284007 284008 284009 284010 284011 284012
 284013 284014 284015 284016 284017 284018 284019 284020 284021 284022
 284023 284024 284025 284026 284027 284028 284029 284030 284031 284032
 284033 284034 284035 284036 284037 284038 284039 284040 284041 284042
 284043 284044 284045 284046 284047 284048 284049 284050 284051 284052
 284053 284054 284055 284056 284057 284058 284059 284060 284061 284062
 284063 284064 284065 284066 284067 284068 284069 284070 284071 284072
 284073 284074 284075 284076 284077 284078 284079 284080 284081 284082
 284083 284084 284085 284086 284087 284088 284089 284090 284091 284092
 284093 284094 284095 284096 284097 284098 284099 284100 284101 284102
 284103 284104 284105 284106 284107 284108 284109 284110 284111 284112
 284113 284114 284115 284116 284117 284118 284119 284120 284121 284122
 284123 284124 284125 284126 284127 284128 284129 284130 284131 284132
 284133 284134 284135 284136 284137 284138 284139 284140 284141 284142
 284143 284144 284145 284146 284147 284148 284149 284150 284151 284152
 284153 284154 284155 284156 284157 284158 284159 284160 284161 284162
 284163 284164 284165 284166 284167 284168 284169 284170 284171 284172
 284173 284174 284175 284176 284177 284178 284179 284180 284181 284182
 284183 284184 284185 284186 284187 284188 284189 284190 284191 284192
 284193 284194 284195 284196 284197 284198 284199 284200 284201 284202
 284203 284204 284205 284206 284207 284208 284209 284210 284211 284212
 284213 284214 284215 284216 284217 284218 284219 284220 284221 284222
 284223 284224 284225 284226 284227 284228 284229 284230 284231 284232
 284233 284234 284235 284236 284237 284238 284239 284240 284241 284242
 284243 284244 284245 284246 284247 284248 284249 284250 284251 284252
 284253 284254 284255 284256 284257 284258 284259 284260 284261 284262
 284263 284264 284265 284266 284267 284268 284269 284270 284271 284272
 284273 284274 284275 284276 284277 284278 284279 284280 284281 284282
 284283 284284 284285 284286 284287 284288 284289 284290 284291 284292
 284293 284294 284295 284296 284297 284298 284299 284300 284301 284302
 284303 284304 284305 284306 284307 284308 284309 284310 284311 284312
 284313 284314 284315 284316 284317 284318 284319 284320 284321 284322
 284323 284324 284325 284326 284327 284328 284329 284330 284331 284332
 284333 284334 284335 284336 284337 284338 284339 284340 284341 284342
 284343 284344 284345 284346 284347 284348 284349 284350 284351 284352
 284353 284354 284355 284356 284357 284358 284359 284360 284361 284362
 284363 284364 284365 284366 284367 284368 284369 284370 284371 284372
 284373 284374 284375 284376 284377 284378 284379 284380 284381 284382
 284383 284384 284385 284386 284387 284388 284389 284390 284391 284392
 284393 284394 284395 284396 284397 284398 284399 284400 284401 284402
 284403 284404 284405 284406 284407 284408 284409 284410 284411 284412
 284413 284414 284415 284416 284417 284418 284419 284420 284421 284422
 284423 284424 284425 284426 284427 284428 284429 284430 284431 284432
 284433 284434 284435 284436 284437 284438 284439 284440 284441 284442
 284443 284444 284445 284446 284447 284448 284449 284450 284451 284452
 284453 284454 284455 284456 284457 284458 284459 284460 284461 284462
 284463 284464 284465 284466 284467 284468 284469 284470 284471 284472
 284473 284474 284475 284476 284477 284478 284479 284480 284481 284482
 284483 284484 284485 284486 284487 284488 284489 284490 284491 284492
 284493 284494 284495 284496 284497 284498 284499 284500 284501 284502
 284503 284504 284505 284506 284507 284508 284509 284510 284511 284512
 284513 284514 284515 284516 284517 284518 284519 284520 284521 284522
 284523 284524 284525 284526 284527 284528 284529 284530 284531 284532
 284533 284534 284535 284536 284537 284538 284539 284540 284541 284542
 284543 284544 284545 284546 284547 284548 284549 284550 284551 284552
 284553 284554 284555 284556 284557 284558 284559 284560 284561 284562
 284563 284564 284565 284566 284567 284568 284569 284570 284571 284572
 284573 284574 284575 284576 284577 284578 284579 284580 284581 284582
 284583 284584 284585 284586 284587 284588 284589 284590 284591 284592
 284593 284594 284595 284596 284597 284598 284599 284600 284601 284602
 284603 284604 284605 284606 284607 284608 284609 284610 284611 284612
 284613 284614 284615 284616 284617 284618 284619 284620 284621 284622
 284623 284624 284625 284626 284627 284628 284629 284630 284631 284632
 284633 284634 284635 284636 284637 284638 284639 284640 284641 284642
 284643 284644 284645 284646 284647 284648 284649 284650 284651 284652
 284653 284654 284655 284656 284657 284658 284659 284660 284661 284662
 284663 284664 284665 284666 284667 284668 284669 284670 284671 284672
 284673 284674 284675 284676 284677 284678 284679 284680 284681 284682
 284683 284684 284685 284686 284687 284688 284689 284690 284691 284692
 284693 284694 284695 284696 284697 284698 284699 284700 284701 284702
 284703 284704 284705 284706 284707 284708 284709 284710 284711 284712
 284713 284714 284715 284716 284717 284718 284719 284720 284721 284722
 284723 284724 284725 284726 284727 284728 284729 284730 284731 284732
 284733 284734 284735 284736 284737 284738 284739 284740 284741 284742
 284743 284744 284745 284746 284747 284748 284749 284750 284751 284752
 284753 284754 284755 284756 284757 284758 284759 284760 284761 284762
 284763 284764 284765 284766 284767 284768 284769 284770 284771 284772
 284773 284774 284775 284776 284777 284778 284779 284780 284781 284782
 284783 284784 284785 284786 284787 284788 284789 284790 284791 284792
 284793 284794 284795 284796 284797 284798 284799 284800 284801 284802
 284803 284804 284805 284806 284807 284808 284809 284810 284811 284812
 284813 284814 284815 284816 284817 284818 284819 284820 284821 284822
 284823 284824 284825 284826 284827 284828 284829 284830 284831 284832
 284833 284834 284835 284836 284837 284838 284839 284840 284841 284842
 284843 284844 284845 284846 284847 284848 284849 284850 284851 284852
 284853 284854 284855 284856 284857 284858 284859 284860 284861 284862
 284863 284864 284865 284866 284867 284868 284869 284870 284871 284872
 284873 284874 284875 284876 284877 284878 284879 284880 284881 284882
 284883 284884 284885 284886 284887 284888 284889 284890 284891 284892
 284893 284894 284895 284896 284897 284898 284899 284900 284901 284902
 284903 284904 284905 284906 284907 284908 284909 284910 284911 284912
 284913 284914 284915 284916 284917 284918 284919 284920 284921 284922
 284923 284924 284925 284926 284927 284928 284929 284930 284931 284932
 284933 284934 284935 284936 284937 284938 284939 284940 284941 284942
 284943 284944 284945 284946 284947 284948 284949 284950 284951 284952
 284953 284954 284955 284956 284957 284958 284959 284960 284961 284962
 284963 284964 284965 284966 284967 284968 284969 284970 284971 284972
 284973 284974 284975 284976 284977 284978 284979 284980 284981 284982
 284983 284984 284985 284986 284987 284988 284989 284990 284991 284992
 284993 284994 284995 284996 284997 284998 284999 285000 285001 285002
 285003 285004 285005 285006 285007 285008 285009 285010 285011 285012
 285013 285014 285015 285016 285017 285018 285019 285020 285021 285022
 285023 285024 285025 285026 285027 285028 285029 285030 285031 285032
 285033 285034 285035 285036 285037 285038 285039 285040 285041 285042
 285043 285044 285045 285046 285047 285048 285049 285050 285051 285052
 285053 285054 285055 285056 285057 285058 285059 285060 285061 285062
 285063 285064 285065 285066 285067 285068 285069 285070 285071 285072
 285073 285074 285075 285076 285077 285078 285079 285080 285081 285082
 285083 285084 285085 285086 285087 285088 285089 285090 285091 285092
 285093 285094 285095 285096 285097 285098 285099 285100 285101 285102
 285103 285104 285105 285106 285107 285108 285109 285110 285111 285112
 285113 285114 285115 285116 285117 285118 285119 285120 285121 285122
 285123 285124 285125 285126 285127 285128 285129 285130 285131 285132
 285133 285134 285135 285136 285137 285138 285139 285140 285141 285142
 285143 285144 285145 285146 285147 285148 285149 285150 285151 285152
 285153 285154 285155 285156 285157 285158 285159 285160 285161 285162
 285163 285164 285165 285166 285167 285168 285169 285170 285171 285172
 285173 285174 285175 285176 285177 285178 285179 285180 285181 285182
 285183 285184 285185 285186 285187 285188 285189 285190 285191 285192
 285193 285194 285195 285196 285197 285198 285199 285200 285201 285202
 285203 285204 285205 285206 285207 285208 285209 285210 285211 285212
 285213 285214 285215 285216 285217 285218 285219 285220 285221 285222
 285223 285224 285225 285226 285227 285228 285229 285230 285231 285232
 285233 285234 285235 285236 285237 285238 285239 285240 285241 285242
 285243 285244 285245 285246 285247 285248 285249 285250 285251 285252
 285253 285254 285255 285256 285257 285258 285259 285260 285261 285262
 285263 285264 285265 285266 285267 285268 285269 285270 285271 285272
 285273 285274 285275 285276 285277 285278 285279 285280 285281 285282
 285283 285284 285285 285286 285287 285288 285289 285290 285291 285292
 285293 285294 285295 285296 285297 285298 285299 285300 285301 285302
 285303 285304 285305 285306 285307 285308 285309 285310 285311 285312
 285313 285314 285315 285316 285317 285318 285319 285320 285321 285322
 285323 285324 285325 285326 285327 285328 285329 285330 285331 285332
 285333 285334 285335 285336 285337 285338 285339 285340 285341 285342
 285343 285344 285345 285346 285347 285348 285349 285350 285351 285352
 285353 285354 285355 285356 285357 285358 285359 285360 285361 285362
 285363 285364 285365 285366 285367 285368 285369 285370 285371 285372
 285373 285374 285375 285376 285377 285378 285379 285380 285381 285382
 285383 285384 285385 285386 285387 285388 285389 285390 285391 285392
 285393 285394 285395 285396 285397 285398 285399 285400 285401 285402
 285403 285404 285405 285406 285407 285408 285409 285410 285411 285412
 285413 285414 285415 285416 285417 285418 285419 285420 285421 285422
 285423 285424 285425 285426 285427 285428 285429 285430 285431 285432
 285433 285434 285435 285436 285437 285438 285439 285440 285441 285442
 285443 285444 285445 285446 285447 285448 285449 285450 285451 285452
 285453 285454 285455 285456 285457 285458 285459 285460 285461 285462
 285463 285464 285465 285466 285467 285468 285469 285470 285471 285472
 285473 285474 285475 285476 285477 285478 285479 285480 285481 285482
 285483 285484 285485 285486 285487 285488 285489 285490 285491 285492
 285493 285494 285495 285496 285497 285498 285499 285500 285501 285502
 285503 285504 285505 285506 285507 285508 285509 285510 285511 285512
 285513 285514 285515 285516 285517 285518 285519 285520 285521 285522
 285523 285524 285525 285526 285527 285528 285529 285530 285531 285532
 285533 285534 285535 285536 285537 285538 285539 285540 285541 285542
 285543 285544 285545 285546 285547 285548 285549 285550 285551 285552
 285553 285554 285555 285556 285557 285558 285559 285560 285561 285562
 285563 285564 285565 285566 285567 285568 285569 285570 285571 285572
 285573 285574 285575 285576 285577 285578 285579 285580 285581 285582
 285583 285584 285585 285586 285587 285588 285589 285590 285591 285592
 285593 285594 285595 285596 285597 285598 285599 285600 285601 285602
 285603 285604 285605 285606 285607 285608 285609 285610 285611 285612
 285613 285614 285615 285616 285617 285618 285619 285620 285621 285622
 285623 285624 285625 285626 285627 285628 285629 285630 285631 285632
 285633 285634 285635 285636 285637 285638 285639 285640 285641 285642
 285643 285644 285645 285646 285647 285648 285649 285650 285651 285652
 285653 285654 285655 285656 285657 285658 285659 285660 285661 285662
 285663 285664 285665 285666 285667 285668 285669 285670 285671 285672
 285673 285674 285675 285676 285677 285678 285679 285680 285681 285682
 285683 285684 285685 285686 285687 285688 285689 285690 285691 285692
 285693 285694 285695 285696 285697 285698 285699 285700 285701 285702
 285703 285704 285705 285706 285707 285708 285709 285710 285711 285712
 285713 285714 285715 285716 285717 285718 285719 285720 285721 285722
 285723 285724 285725 285726 285727 285728 285729 285730 285731 285732
 285733 285734 285735 285736 285737 285738 285739 285740 285741 285742
 285743 285744 285745 285746 285747 285748 285749 285750 285751 285752
 285753 285754 285755 285756 285757 285758 285759 285760 285761 285762
 285763 285764 285765 285766 285767 285768 285769 285770 285771 285772
 285773 285774 285775 285776 285777 285778 285779 285780 285781 285782
 285783 285784 285785 285786 285787 285788 285789 285790 285791 285792
 285793 285794 285795 285796 285797 285798 285799 285800 285801 285802
 285803 285804 285805 285806 285807 285808 285809 285810 285811 285812
 285813 285814 285815 285816 285817 285818 285819 285820 285821 285822
 285823 285824 285825 285826 285827 285828 285829 285830 285831 285832
 285833 285834 285835 285836 285837 285838 285839 285840 285841 285842
 285843 285844 285845 285846 285847 285848 285849 285850 285851 285852
 285853 285854 285855 285856 285857 285858 285859 285860 285861 285862
 285863 285864 285865 285866 285867 285868 285869 285870 285871 285872
 285873 285874 285875 285876 285877 285878 285879 285880 285881 285882
 285883 285884 285885 285886 285887 285888 285889 285890 285891 285892
 285893 285894 285895 285896 285897 285898 285899 285900 285901 285902
 285903 285904 285905 285906 285907 285908 285909 285910 285911 285912
 285913 285914 285915 285916 285917 285918 285919 285920 285921 285922
 285923 285924 285925 285926 285927 285928 285929 285930 285931 285932
 285933 285934 285935 285936 285937 285938 285939 285940 285941 285942
 285943 285944 285945 285946 285947 285948 285949 285950 285951 285952
 285953 285954 285955 285956 285957 285958 285959 285960 285961 285962
 285963 285964 285965 285966 285967 285968 285969 285970 285971 285972
 285973 285974 285975 285976 285977 285978 285979 285980 285981 285982
 285983 285984 285985 285986 285987 285988 285989 285990 285991 285992
 285993 285994 285995 285996 285997 285998 285999 286000 286001 286002
 286003 286004 286005 286006 286007 286008 286009 286010 286011 286012
 286013 286014 286015 286016 286017 286018 286019 286020 286021 286022
 286023 286024 286025 286026 286027 286028 286029 286030 286031 286032
 286033 286034 286035 286036 286037 286038 286039 286040 286041 286042
 286043 286044 286045 286046 286047 286048 286049 286050 286051 286052
 286053 286054 286055 286056 286057 286058 286059 286060 286061 286062
 286063 286064 286065 286066 286067 286068 286069 286070 286071 286072
 286073 286074 286075 286076 286077 286078 286079 286080 286081 286082
 286083 286084 286085 286086 286087 286088 286089 286090 286091 286092
 286093 286094 286095 286096 286097 286098 286099 286100 286101 286102
 286103 286104 286105 286106 286107 286108 286109 286110 286111 286112
 286113 286114 286115 286116 286117 286118 286119 286120 286121 286122
 286123 286124 286125 286126 286127 286128 286129 286130 286131 286132
 286133 286134 286135 286136 286137 286138 286139 286140 286141 286142
 286143 286144 286145 286146 286147 286148 286149 286150 286151 286152
 286153 286154 286155 286156 286157 286158 286159 286160 286161 286162
 286163 286164 286165 286166 286167 286168 286169 286170 286171 286172
 286173 286174 286175 286176 286177 286178 286179 286180 286181 286182
 286183 286184 286185 286186 286187 286188 286189 286190 286191 286192
 286193 286194 286195 286196 286197 286198 286199 286200 286201 286202
 286203 286204 286205 286206 286207 286208 286209 286210 286211 286212
 286213 286214 286215 286216 286217 286218 286219 286220 286221 286222
 286223 286224 286225 286226 286227 286228 286229 286230 286231 286232
 286233 286234 286235 286236 286237 286238 286239 286240 286241 286242
 286243 286244 286245 286246 286247 286248 286249 286250 286251 286252
 286253 286254 286255 286256 286257 286258 286259 286260 286261 286262
 286263 286264 286265 286266 286267 286268 286269 286270 286271 286272
 286273 286274 286275 286276 286277 286278 286279 286280 286281 286282
 286283 286284 286285 286286 286287 286288 286289 286290 286291 286292
 286293 286294 286295 286296 286297 286298 286299 286300 286301 286302
 286303 286304 286305 286306 286307 286308 286309 286310 286311 286312
 286313 286314 286315 286316 286317 286318 286319 286320 286321 286322
 286323 286324 286325 286326 286327 286328 286329 286330 286331 286332
 286333 286334 286335 286336 286337 286338 286339 286340 286341 286342
 286343 286344 286345 286346 286347 286348 286349 286350 286351 286352
 286353 286354 286355 286356 286357 286358 286359 286360 286361 286362
 286363 286364 286365 286366 286367 286368 286369 286370 286371 286372
 286373 286374 286375 286376 286377 286378 286379 286380 286381 286382
 286383 286384 286385 286386 286387 286388 286389 286390 286391 286392
 286393 286394 286395 286396 286397 286398 286399 286400 286401 286402
 286403 286404 286405 286406 286407 286408 286409 286410 286411 286412
 286413 286414 286415 286416 286417 286418 286419 286420 286421 286422
 286423 286424 286425 286426 286427 286428 286429 286430 286431 286432
 286433 286434 286435 286436 286437 286438 286439 286440 286441 286442
 286443 286444 286445 286446 286447 286448 286449 286450 286451 286452
 286453 286454 286455 286456 286457 286458 286459 286460 286461 286462
 286463 286464 286465 286466 286467 286468 286469 286470 286471 286472
 286473 286474 286475 286476 286477 286478 286479 286480 286481 286482
 286483 286484 286485 286486 286487 286488 286489 286490 286491 286492
 286493 286494 286495 286496 286497 286498 286499 286500 286501 286502
 286503 286504 286505 286506 286507 286508 286509 286510 286511 286512
 286513 286514 286515 286516 286517 286518 286519 286520 286521 286522
 286523 286524 286525 286526 286527 286528 286529 286530 286531 286532
 286533 286534 286535 286536 286537 286538 286539 286540 286541 286542
 286543 286544 286545 286546 286547 286548 286549 286550 286551 286552
 286553 286554 286555 286556 286557 286558 286559 286560 286561 286562
 286563 286564 286565 286566 286567 286568 286569 286570 286571 286572
 286573 286574 286575 286576 286577 286578 286579 286580 286581 286582
 286583 286584 286585 286586 286587 286588 286589 286590 286591 286592
 286593 286594 286595 286596 286597 286598 286599 286600 286601 286602
 286603 286604 286605 286606 286607 286608 286609 286610 286611 286612
 286613 286614 286615 286616 286617 286618 286619 286620 286621 286622
 286623 286624 286625 286626 286627 286628 286629 286630 286631 286632
 286633 286634 286635 286636 286637 286638 286639 286640 286641 286642
 286643 286644 286645 286646 286647 286648 286649 286650 286651 286652
 286653 286654 286655 286656 286657 286658 286659 286660 286661 286662
 286663 286664 286665 286666 286667 286668 286669 286670 286671 286672
 286673 286674 286675 286676 286677 286678 286679 286680 286681 286682
 286683 286684 286685 286686 286687 286688 286689 286690 286691 286692
 286693 286694 286695 286696 286697 286698 286699 286700 286701 286702
 286703 286704 286705 286706 286707 286708 286709 286710 286711 286712
 286713 286714 286715 286716 286717 286718 286719 286720 286721 286722
 286723 286724 286725 286726 286727 286728 286729 286730 286731 286732
 286733 286734 286735 286736 286737 286738 286739 286740 286741 286742
 286743 286744 286745 286746 286747 286748 286749 286750 286751 286752
 286753 286754 286755 286756 286757 286758 286759 286760 286761 286762
 286763 286764 286765 286766 286767 286768 286769 286770 286771 286772
 286773 286774 286775 286776 286777 286778 286779 286780 286781 286782
 286783 286784 286785 286786 286787 286788 286789 286790 286791 286792
 286793 286794 286795 286796 286797 286798 286799 286800 286801 286802
 286803 286804 286805 286806 286807 286808 286809 286810 286811 286812
 286813 286814 286815 286816 286817 286818 286819 286820 286821 286822
 286823 286824 286825 286826 286827 286828 286829 286830 286831 286832
 286833 286834 286835 286836 286837 286838 286839 286840 286841 286842
 286843 286844 286845 286846 286847 286848 286849 286850 286851 286852
 286853 286854 286855 286856 286857 286858 286859 286860 286861 286862
 286863 286864 286865 286866 286867 286868 286869 286870 286871 286872
 286873 286874 286875 286876 286877 286878 286879 286880 286881 286882
 286883 286884 286885 286886 286887 286888 286889 286890 286891 286892
 286893 286894 286895 286896 286897 286898 286899 286900 286901 286902
 286903 286904 286905 286906 286907 286908 286909 286910 286911 286912
 286913 286914 286915 286916 286917 286918 286919 286920 286921 286922
 286923 286924 286925 286926 286927 286928 286929 286930 286931 286932
 286933 286934 286935 286936 286937 286938 286939 286940 286941 286942
 286943 286944 286945 286946 286947 286948 286949 286950 286951 286952
 286953 286954 286955 286956 286957 286958 286959 286960 286961 286962
 286963 286964 286965 286966 286967 286968 286969 286970 286971 286972
 286973 286974 286975 286976 286977 286978 286979 286980 286981 286982
 286983 286984 286985 286986 286987 286988 286989 286990 286991 286992
 286993 286994 286995 286996 286997 286998 286999 287000 287001 287002
 287003 287004 287005 287006 287007 287008 287009 287010 287011 287012
 287013 287014 287015 287016 287017 287018 287019 287020 287021 287022
 287023 287024 287025 287026 287027 287028 287029 287030 287031 287032
 287033 287034 287035 287036 287037 287038 287039 287040 287041 287042
 287043 287044 287045 287046 287047 287048 287049 287050 287051 287052
 287053 287054 287055 287056 287057 287058 287059 287060 287061 287062
 287063 287064 287065 287066 287067 287068 287069 287070 287071 287072
 287073 287074 287075 287076 287077 287078 287079 287080 287081 287082
 287083 287084 287085 287086 287087 287088 287089 287090 287091 287092
 287093 287094 287095 287096 287097 287098 287099 287100 287101 287102
 287103 287104 287105 287106 287107 287108 287109 287110 287111 287112
 287113 287114 287115 287116 287117 287118 287119 287120 287121 287122
 287123 287124 287125 287126 287127 287128 287129 287130 287131 287132
 287133 287134 287135 287136 287137 287138 287139 287140 287141 287142
 287143 287144 287145 287146 287147 287148 287149 287150 287151 287152
 287153 287154 287155 287156 287157 287158 287159 287160 287161 287162
 287163 287164 287165 287166 287167 287168 287169 287170 287171 287172
 287173 287174 287175 287176 287177 287178 287179 287180 287181 287182
 287183 287184 287185 287186 287187 287188 287189 287190 287191 287192
 287193 287194 287195 287196 287197 287198 287199 287200 287201 287202
 287203 287204 287205 287206 287207 287208 287209 287210 287211 287212
 287213 287214 287215 287216 287217 287218 287219 287220 287221 287222
 287223 287224 287225 287226 287227 287228 287229 287230 287231 287232
 287233 287234 287235 287236 287237 287238 287239 287240 287241 287242
 287243 287244 287245 287246 287247 287248 287249 287250 287251 287252
 287253 287254 287255 287256 287257 287258 287259 287260 287261 287262
 287263 287264 287265 287266 287267 287268 287269 287270 287271 287272
 287273 287274 287275 287276 287277 287278 287279 287280 287281 287282
 287283 287284 287285 287286 287287 287288 287289 287290 287291 287292
 287293 287294 287295 287296 287297 287298 287299 287300 287301 287302
 287303 287304 287305 287306 287307 287308 287309 287310 287311 287312
 287313 287314 287315 287316 287317 287318 287319 287320 287321 287322
 287323 287324 287325 287326 287327 287328 287329 287330 287331 287332
 287333 287334 287335 287336 287337 287338 287339 287340 287341 287342
 287343 287344 287345 287346 287347 287348 287349 287350 287351 287352
 287353 287354 287355 287356 287357 287358 287359 287360 287361 287362
 287363 287364 287365 287366 287367 287368 287369 287370 287371 287372
 287373 287374 287375 287376 287377 287378 287379 287380 287381 287382
 287383 287384 287385 287386 287387 287388 287389 287390 287391 287392
 287393 287394 287395 287396 287397 287398 287399 287400 287401 287402
 287403 287404 287405 287406 287407 287408 287409 287410 287411 287412
 287413 287414 287415 287416 287417 287418 287419 287420 287421 287422
 287423 287424 287425 287426 287427 287428 287429 287430 287431 287432
 287433 287434 287435 287436 287437 287438 287439 287440 287441 287442
 287443 287444 287445 287446 287447 287448 287449 287450 287451 287452
 287453 287454 287455 287456 287457 287458 287459 287460 287461 287462
 287463 287464 287465 287466 287467 287468 287469 287470 287471 287472
 287473 287474 287475 287476 287477 287478 287479 287480 287481 287482
 287483 287484 287485 287486 287487 287488 287489 287490 287491 287492
 287493 287494 287495 287496 287497 287498 287499 287500 287501 287502
 287503 287504 287505 287506 287507 287508 287509 287510 287511 287512
 287513 287514 287515 287516 287517 287518 287519 287520 287521 287522
 287523 287524 287525 287526 287527 287528 287529 287530 287531 287532
 287533 287534 287535 287536 287537 287538 287539 287540 287541 287542
 287543 287544 287545 287546 287547 287548 287549 287550 287551 287552
 287553 287554 287555 287556 287557 287558 287559 287560 287561 287562
 287563 287564 287565 287566 287567 287568 287569 287570 287571 287572
 287573 287574 287575 287576 287577 287578 287579 287580 287581 287582
 287583 287584 287585 287586 287587 287588 287589 287590 287591 287592
 287593 287594 287595 287596 287597 287598 287599 287600 287601 287602
 287603 287604 287605 287606 287607 287608 287609 287610 287611 287612
 287613 287614 287615 287616 287617 287618 287619 287620 287621 287622
 287623 287624 287625 287626 287627 287628 287629 287630 287631 287632
 287633 287634 287635 287636 287637 287638 287639 287640 287641 287642
 287643 287644 287645 287646 287647 287648 287649 287650 287651 287652
 287653 287654 287655 287656 287657 287658 287659 287660 287661 287662
 287663 287664 287665 287666 287667 287668 287669 287670 287671 287672
 287673 287674 287675 287676 287677 287678 287679 287680 287681 287682
 287683 287684 287685 287686 287687 287688 287689 287690 287691 287692
 287693 287694 287695 287696 287697 287698 287699 287700 287701 287702
 287703 287704 287705 287706 287707 287708 287709 287710 287711 287712
 287713 287714 287715 287716 287717 287718 287719 287720 287721 287722
 287723 287724 287725 287726 287727 287728 287729 287730 287731 287732
 287733 287734 287735 287736 287737 287738 287739 287740 287741 287742
 287743 287744 287745 287746 287747 287748 287749 287750 287751 287752
 287753 287754 287755 287756 287757 287758 287759 287760 287761 287762
 287763 287764 287765 287766 287767 287768 287769 287770 287771 287772
 287773 287774 287775 287776 287777 287778 287779 287780 287781 287782
 287783 287784 287785 287786 287787 287788 287789 287790 287791 287792
 287793 287794 287795 287796 287797 287798 287799 287800 287801 287802
 287803 287804 287805 287806 287807 287808 287809 287810 287811 287812
 287813 287814 287815 287816 287817 287818 287819 287820 287821 287822
 287823 287824 287825 287826 287827 287828 287829 287830 287831 287832
 287833 287834 287835 287836 287837 287838 287839 287840 287841 287842
 287843 287844 287845 287846 287847 287848 287849 287850 287851 287852
 287853 287854 287855 287856 287857 287858 287859 287860 287861 287862
 287863 287864 287865 287866 287867 287868 287869 287870 287871 287872
 287873 287874 287875 287876 287877 287878 287879 287880 287881 287882
 287883 287884 287885 287886 287887 287888 287889 287890 287891 287892
 287893 287894 287895 287896 287897 287898 287899 287900 287901 287902
 287903 287904 287905 287906 287907 287908 287909 287910 287911 287912
 287913 287914 287915 287916 287917 287918 287919 287920 287921 287922
 287923 287924 287925 287926 287927 287928 287929 287930 287931 287932
 287933 287934 287935 287936 287937 287938 287939 287940 287941 287942
 287943 287944 287945 287946 287947 287948 287949 287950 287951 287952
 287953 287954 287955 287956 287957 287958 287959 287960 287961 287962
 287963 287964 287965 287966 287967 287968 287969 287970 287971 287972
 287973 287974 287975 287976 287977 287978 287979 287980 287981 287982
 287983 287984 287985 287986 287987 287988 287989 287990 287991 287992
 287993 287994 287995 287996 287997 287998 287999 288000 288001 288002
 288003 288004 288005 288006 288007 288008 288009 288010 288011 288012
 288013 288014 288015 288016 288017 288018 288019 288020 288021 288022
 288023 288024 288025 288026 288027 288028 288029 288030 288031 288032
 288033 288034 288035 288036 288037 288038 288039 288040 288041 288042
 288043 288044 288045 288046 288047 288048 288049 288050 288051 288052
 288053 288054 288055 288056 288057 288058 288059 288060 288061 288062
 288063 288064 288065 288066 288067 288068 288069 288070 288071 288072
 288073 288074 288075 288076 288077 288078 288079 288080 288081 288082
 288083 288084 288085 288086 288087 288088 288089 288090 288091 288092
 288093 288094 288095 288096 288097 288098 288099 288100 288101 288102
 288103 288104 288105 288106 288107 288108 288109 288110 288111 288112
 288113 288114 288115 288116 288117 288118 288119 288120 288121 288122
 288123 288124 288125 288126 288127 288128 288129 288130 288131 288132
 288133 288134 288135 288136 288137 288138 288139 288140 288141 288142
 288143 288144 288145 288146 288147 288148 288149 288150 288151 288152
 288153 288154 288155 288156 288157 288158 288159 288160 288161 288162
 288163 288164 288165 288166 288167 288168 288169 288170 288171 288172
 288173 288174 288175 288176 288177 288178 288179 288180 288181 288182
 288183 288184 288185 288186 288187 288188 288189 288190 288191 288192
 288193 288194 288195 288196 288197 288198 288199 288200 288201 288202
 288203 288204 288205 288206 288207 288208 288209 288210 288211 288212
 288213 288214 288215 288216 288217 288218 288219 288220 288221 288222
 288223 288224 288225 288226 288227 288228 288229 288230 288231 288232
 288233 288234 288235 288236 288237 288238 288239 288240 288241 288242
 288243 288244 288245 288246 288247 288248 288249 288250 288251 288252
 288253 288254 288255 288256 288257 288258 288259 288260 288261 288262
 288263 288264 288265 288266 288267 288268 288269 288270 288271 288272
 288273 288274 288275 288276 288277 288278 288279 288280 288281 288282
 288283 288284 288285 288286 288287 288288 288289 288290 288291 288292
 288293 288294 288295 288296 288297 288298 288299 288300 288301 288302
 288303 288304 288305 288306 288307 288308 288309 288310 288311 288312
 288313 288314 288315 288316 288317 288318 288319 288320 288321 288322
 288323 288324 288325 288326 288327 288328 288329 288330 288331 288332
 288333 288334 288335 288336 288337 288338 288339 288340 288341 288342
 288343 288344 288345 288346 288347 288348 288349 288350 288351 288352
 288353 288354 288355 288356 288357 288358 288359 288360 288361 288362
 288363 288364 288365 288366 288367 288368 288369 288370 288371 288372
 288373 288374 288375 288376 288377 288378 288379 288380 288381 288382
 288383 288384 288385 288386 288387 288388 288389 288390 288391 288392
 288393 288394 288395 288396 288397 288398 288399 288400 288401 288402
 288403 288404 288405 288406 288407 288408 288409 288410 288411 288412
 288413 288414 288415 288416 288417 288418 288419 288420 288421 288422
 288423 288424 288425 288426 288427 288428 288429 288430 288431 288432
 288433 288434 288435 288436 288437 288438 288439 288440 288441 288442
 288443 288444 288445 288446 288447 288448 288449 288450 288451 288452
 288453 288454 288455 288456 288457 288458 288459 288460 288461 288462
 288463 288464 288465 288466 288467 288468 288469 288470 288471 288472
 288473 288474 288475 288476 288477 288478 288479 288480 288481 288482
 288483 288484 288485 288486 288487 288488 288489 288490 288491 288492
 288493 288494 288495 288496 288497 288498 288499 288500 288501 288502
 288503 288504 288505 288506 288507 288508 288509 288510 288511 288512
 288513 288514 288515 288516 288517 288518 288519 288520 288521 288522
 288523 288524 288525 288526 288527 288528 288529 288530 288531 288532
 288533 288534 288535 288536 288537 288538 288539 288540 288541 288542
 288543 288544 288545 288546 288547 288548 288549 288550 288551 288552
 288553 288554 288555 288556 288557 288558 288559 288560 288561 288562
 288563 288564 288565 288566 288567 288568 288569 288570 288571 288572
 288573 288574 288575 288576 288577 288578 288579 288580 288581 288582
 288583 288584 288585 288586 288587 288588 288589 288590 288591 288592
 288593 288594 288595 288596 288597 288598 288599 288600 288601 288602
 288603 288604 288605 288606 288607 288608 288609 288610 288611 288612
 288613 288614 288615 288616 288617 288618 288619 288620 288621 288622
 288623 288624 288625 288626 288627 288628 288629 288630 288631 288632
 288633 288634 288635 288636 288637 288638 288639 288640 288641 288642
 288643 288644 288645 288646 288647 288648 288649 288650 288651 288652
 288653 288654 288655 288656 288657 288658 288659 288660 288661 288662
 288663 288664 288665 288666 288667 288668 288669 288670 288671 288672
 288673 288674 288675 288676 288677 288678 288679 288680 288681 288682
 288683 288684 288685 288686 288687 288688 288689 288690 288691 288692
 288693 288694 288695 288696 288697 288698 288699 288700 288701 288702
 288703 288704 288705 288706 288707 288708 288709 288710 288711 288712
 288713 288714 288715 288716 288717 288718 288719 288720 288721 288722
 288723 288724 288725 288726 288727 288728 288729 288730 288731 288732
 288733 288734 288735 288736 288737 288738 288739 288740 288741 288742
 288743 288744 288745 288746 288747 288748 288749 288750 288751 288752
 288753 288754 288755 288756 288757 288758 288759 288760 288761 288762
 288763 288764 288765 288766 288767 288768 288769 288770 288771 288772
 288773 288774 288775 288776 288777 288778 288779 288780 288781 288782
 288783 288784 288785 288786 288787 288788 288789 288790 288791 288792
 288793 288794 288795 288796 288797 288798 288799 288800 288801 288802
 288803 288804 288805 288806 288807 288808 288809 288810 288811 288812
 288813 288814 288815 288816 288817 288818 288819 288820 288821 288822
 288823 288824 288825 288826 288827 288828 288829 288830 288831 288832
 288833 288834 288835 288836 288837 288838 288839 288840 288841 288842
 288843 288844 288845 288846 288847 288848 288849 288850 288851 288852
 288853 288854 288855 288856 288857 288858 288859 288860 288861 288862
 288863 288864 288865 288866 288867 288868 288869 288870 288871 288872
 288873 288874 288875 288876 288877 288878 288879 288880 288881 288882
 288883 288884 288885 288886 288887 288888 288889 288890 288891 288892
 288893 288894 288895 288896 288897 288898 288899 288900 288901 288902
 288903 288904 288905 288906 288907 288908 288909 288910 288911 288912
 288913 288914 288915 288916 288917 288918 288919 288920 288921 288922
 288923 288924 288925 288926 288927 288928 288929 288930 288931 288932
 288933 288934 288935 288936 288937 288938 288939 288940 288941 288942
 288943 288944 288945 288946 288947 288948 288949 288950 288951 288952
 288953 288954 288955 288956 288957 288958 288959 288960 288961 288962
 288963 288964 288965 288966 288967 288968 288969 288970 288971 288972
 288973 288974 288975 288976 288977 288978 288979 288980 288981 288982
 288983 288984 288985 288986 288987 288988 288989 288990 288991 288992
 288993 288994 288995 288996 288997 288998 288999 289000 289001 289002
 289003 289004 289005 289006 289007 289008 289009 289010 289011 289012
 289013 289014 289015 289016 289017 289018 289019 289020 289021 289022
 289023 289024 289025 289026 289027 289028 289029 289030 289031 289032
 289033 289034 289035 289036 289037 289038 289039 289040 289041 289042
 289043 289044 289045 289046 289047 289048 289049 289050 289051 289052
 289053 289054 289055 289056 289057 289058 289059 289060 289061 289062
 289063 289064 289065 289066 289067 289068 289069 289070 289071 289072
 289073 289074 289075 289076 289077 289078 289079 289080 289081 289082
 289083 289084 289085 289086 289087 289088 289089 289090 289091 289092
 289093 289094 289095 289096 289097 289098 289099 289100 289101 289102
 289103 289104 289105 289106 289107 289108 289109 289110 289111 289112
 289113 289114 289115 289116 289117 289118 289119 289120 289121 289122
 289123 289124 289125 289126 289127 289128 289129 289130 289131 289132
 289133 289134 289135 289136 289137 289138 289139 289140 289141 289142
 289143 289144 289145 289146 289147 289148 289149 289150 289151 289152
 289153 289154 289155 289156 289157 289158 289159 289160 289161 289162
 289163 289164 289165 289166 289167 289168 289169 289170 289171 289172
 289173 289174 289175 289176 289177 289178 289179 289180 289181 289182
 289183 289184 289185 289186 289187 289188 289189 289190 289191 289192
 289193 289194 289195 289196 289197 289198 289199 289200 289201 289202
 289203 289204 289205 289206 289207 289208 289209 289210 289211 289212
 289213 289214 289215 289216 289217 289218 289219 289220 289221 289222
 289223 289224 289225 289226 289227 289228 289229 289230 289231 289232
 289233 289234 289235 289236 289237 289238 289239 289240 289241 289242
 289243 289244 289245 289246 289247 289248 289249 289250 289251 289252
 289253 289254 289255 289256 289257 289258 289259 289260 289261 289262
 289263 289264 289265 289266 289267 289268 289269 289270 289271 289272
 289273 289274 289275 289276 289277 289278 289279 289280 289281 289282
 289283 289284 289285 289286 289287 289288 289289 289290 289291 289292
 289293 289294 289295 289296 289297 289298 289299 289300 289301 289302
 289303 289304 289305 289306 289307 289308 289309 289310 289311 289312
 289313 289314 289315 289316 289317 289318 289319 289320 289321 289322
 289323 289324 289325 289326 289327 289328 289329 289330 289331 289332
 289333 289334 289335 289336 289337 289338 289339 289340 289341 289342
 289343 289344 289345 289346 289347 289348 289349 289350 289351 289352
 289353 289354 289355 289356 289357 289358 289359 289360 289361 289362
 289363 289364 289365 289366 289367 289368 289369 289370 289371 289372
 289373 289374 289375 289376 289377 289378 289379 289380 289381 289382
 289383 289384 289385 289386 289387 289388 289389 289390 289391 289392
 289393 289394 289395 289396 289397 289398 289399 289400 289401 289402
 289403 289404 289405 289406 289407 289408 289409 289410 289411 289412
 289413 289414 289415 289416 289417 289418 289419 289420 289421 289422
 289423 289424 289425 289426 289427 289428 289429 289430 289431 289432
 289433 289434 289435 289436 289437 289438 289439 289440 289441 289442
 289443 289444 289445 289446 289447 289448 289449 289450 289451 289452
 289453 289454 289455 289456 289457 289458 289459 289460 289461 289462
 289463 289464 289465 289466 289467 289468 289469 289470 289471 289472
 289473 289474 289475 289476 289477 289478 289479 289480 289481 289482
 289483 289484 289485 289486 289487 289488 289489 289490 289491 289492
 289493 289494 289495 289496 289497 289498 289499 289500 289501 289502
 289503 289504 289505 289506 289507 289508 289509 289510 289511 289512
 289513 289514 289515 289516 289517 289518 289519 289520 289521 289522
 289523 289524 289525 289526 289527 289528 289529 289530 289531 289532
 289533 289534 289535 289536 289537 289538 289539 289540 289541 289542
 289543 289544 289545 289546 289547 289548 289549 289550 289551 289552
 289553 289554 289555 289556 289557 289558 289559 289560 289561 289562
 289563 289564 289565 289566 289567 289568 289569 289570 289571 289572
 289573 289574 289575 289576 289577 289578 289579 289580 289581 289582
 289583 289584 289585 289586 289587 289588 289589 289590 289591 289592
 289593 289594 289595 289596 289597 289598 289599 289600 289601 289602
 289603 289604 289605 289606 289607 289608 289609 289610 289611 289612
 289613 289614 289615 289616 289617 289618 289619 289620 289621 289622
 289623 289624 289625 289626 289627 289628 289629 289630 289631 289632
 289633 289634 289635 289636 289637 289638 289639 289640 289641 289642
 289643 289644 289645 289646 289647 289648 289649 289650 289651 289652
 289653 289654 289655 289656 289657 289658 289659 289660 289661 289662
 289663 289664 289665 289666 289667 289668 289669 289670 289671 289672
 289673 289674 289675 289676 289677 289678 289679 289680 289681 289682
 289683 289684 289685 289686 289687 289688 289689 289690 289691 289692
 289693 289694 289695 289696 289697 289698 289699 289700 289701 289702
 289703 289704 289705 289706 289707 289708 289709 289710 289711 289712
 289713 289714 289715 289716 289717 289718 289719 289720 289721 289722
 289723 289724 289725 289726 289727 289728 289729 289730 289731 289732
 289733 289734 289735 289736 289737 289738 289739 289740 289741 289742
 289743 289744 289745 289746 289747 289748 289749 289750 289751 289752
 289753 289754 289755 289756 289757 289758 289759 289760 289761 289762
 289763 289764 289765 289766 289767 289768 289769 289770 289771 289772
 289773 289774 289775 289776 289777 289778 289779 289780 289781 289782
 289783 289784 289785 289786 289787 289788 289789 289790 289791 289792
 289793 289794 289795 289796 289797 289798 289799 289800 289801 289802
 289803 289804 289805 289806 289807 289808 289809 289810 289811 289812
 289813 289814 289815 289816 289817 289818 289819 289820 289821 289822
 289823 289824 289825 289826 289827 289828 289829 289830 289831 289832
 289833 289834 289835 289836 289837 289838 289839 289840 289841 289842
 289843 289844 289845 289846 289847 289848 289849 289850 289851 289852
 289853 289854 289855 289856 289857 289858 289859 289860 289861 289862
 289863 289864 289865 289866 289867 289868 289869 289870 289871 289872
 289873 289874 289875 289876 289877 289878 289879 289880 289881 289882
 289883 289884 289885 289886 289887 289888 289889 289890 289891 289892
 289893 289894 289895 289896 289897 289898 289899 289900 289901 289902
 289903 289904 289905 289906 289907 289908 289909 289910 289911 289912
 289913 289914 289915 289916 289917 289918 289919 289920 289921 289922
 289923 289924 289925 289926 289927 289928 289929 289930 289931 289932
 289933 289934 289935 289936 289937 289938 289939 289940 289941 289942
 289943 289944 289945 289946 289947 289948 289949 289950 289951 289952
 289953 289954 289955 289956 289957 289958 289959 289960 289961 289962
 289963 289964 289965 289966 289967 289968 289969 289970 289971 289972
 289973 289974 289975 289976 289977 289978 289979 289980 289981 289982
 289983 289984 289985 289986 289987 289988 289989 289990 289991 289992
 289993 289994 289995 289996 289997 289998 289999 290000 290001 290002
 290003 290004 290005 290006 290007 290008 290009 290010 290011 290012
 290013 290014 290015 290016 290017 290018 290019 290020 290021 290022
 290023 290024 290025 290026 290027 290028 290029 290030 290031 290032
 290033 290034 290035 290036 290037 290038 290039 290040 290041 290042
 290043 290044 290045 290046 290047 290048 290049 290050 290051 290052
 290053 290054 290055 290056 290057 290058 290059 290060 290061 290062
 290063 290064 290065 290066 290067 290068 290069 290070 290071 290072
 290073 290074 290075 290076 290077 290078 290079 290080 290081 290082
 290083 290084 290085 290086 290087 290088 290089 290090 290091 290092
 290093 290094 290095 290096 290097 290098 290099 290100 290101 290102
 290103 290104 290105 290106 290107 290108 290109 290110 290111 290112
 290113 290114 290115 290116 290117 290118 290119 290120 290121 290122
 290123 290124 290125 290126 290127 290128 290129 290130 290131 290132
 290133 290134 290135 290136 290137 290138 290139 290140 290141 290142
 290143 290144 290145 290146 290147 290148 290149 290150 290151 290152
 290153 290154 290155 290156 290157 290158 290159 290160 290161 290162
 290163 290164 290165 290166 290167 290168 290169 290170 290171 290172
 290173 290174 290175 290176 290177 290178 290179 290180 290181 290182
 290183 290184 290185 290186 290187 290188 290189 290190 290191 290192
 290193 290194 290195 290196 290197 290198 290199 290200 290201 290202
 290203 290204 290205 290206 290207 290208 290209 290210 290211 290212
 290213 290214 290215 290216 290217 290218 290219 290220 290221 290222
 290223 290224 290225 290226 290227 290228 290229 290230 290231 290232
 290233 290234 290235 290236 290237 290238 290239 290240 290241 290242
 290243 290244 290245 290246 290247 290248 290249 290250 290251 290252
 290253 290254 290255 290256 290257 290258 290259 290260 290261 290262
 290263 290264 290265 290266 290267 290268 290269 290270 290271 290272
 290273 290274 290275 290276 290277 290278 290279 290280 290281 290282
 290283 290284 290285 290286 290287 290288 290289 290290 290291 290292
 290293 290294 290295 290296 290297 290298 290299 290300 290301 290302
 290303 290304 290305 290306 290307 290308 290309 290310 290311 290312
 290313 290314 290315 290316 290317 290318 290319 290320 290321 290322
 290323 290324 290325 290326 290327 290328 290329 290330 290331 290332
 290333 290334 290335 290336 290337 290338 290339 290340 290341 290342
 290343 290344 290345 290346 290347 290348 290349 290350 290351 290352
 290353 290354 290355 290356 290357 290358 290359 290360 290361 290362
 290363 290364 290365 290366 290367 290368 290369 290370 290371 290372
 290373 290374 290375 290376 290377 290378 290379 290380 290381 290382
 290383 290384 290385 290386 290387 290388 290389 290390 290391 290392
 290393 290394 290395 290396 290397 290398 290399 290400 290401 290402
 290403 290404 290405 290406 290407 290408 290409 290410 290411 290412
 290413 290414 290415 290416 290417 290418 290419 290420 290421 290422
 290423 290424 290425 290426 290427 290428 290429 290430 290431 290432
 290433 290434 290435 290436 290437 290438 290439 290440 290441 290442
 290443 290444 290445 290446 290447 290448 290449 290450 290451 290452
 290453 290454 290455 290456 290457 290458 290459 290460 290461 290462
 290463 290464 290465 290466 290467 290468 290469 290470 290471 290472
 290473 290474 290475 290476 290477 290478 290479 290480 290481 290482
 290483 290484 290485 290486 290487 290488 290489 290490 290491 290492
 290493 290494 290495 290496 290497 290498 290499 290500 290501 290502
 290503 290504 290505 290506 290507 290508 290509 290510 290511 290512
 290513 290514 290515 290516 290517 290518 290519 290520 290521 290522
 290523 290524 290525 290526 290527 290528 290529 290530 290531 290532
 290533 290534 290535 290536 290537 290538 290539 290540 290541 290542
 290543 290544 290545 290546 290547 290548 290549 290550 290551 290552
 290553 290554 290555 290556 290557 290558 290559 290560 290561 290562
 290563 290564 290565 290566 290567 290568 290569 290570 290571 290572
 290573 290574 290575 290576 290577 290578 290579 290580 290581 290582
 290583 290584 290585 290586 290587 290588 290589 290590 290591 290592
 290593 290594 290595 290596 290597 290598 290599 290600 290601 290602
 290603 290604 290605 290606 290607 290608 290609 290610 290611 290612
 290613 290614 290615 290616 290617 290618 290619 290620 290621 290622
 290623 290624 290625 290626 290627 290628 290629 290630 290631 290632
 290633 290634 290635 290636 290637 290638 290639 290640 290641 290642
 290643 290644 290645 290646 290647 290648 290649 290650 290651 290652
 290653 290654 290655 290656 290657 290658 290659 290660 290661 290662
 290663 290664 290665 290666 290667 290668 290669 290670 290671 290672
 290673 290674 290675 290676 290677 290678 290679 290680 290681 290682
 290683 290684 290685 290686 290687 290688 290689 290690 290691 290692
 290693 290694 290695 290696 290697 290698 290699 290700 290701 290702
 290703 290704 290705 290706 290707 290708 290709 290710 290711 290712
 290713 290714 290715 290716 290717 290718 290719 290720 290721 290722
 290723 290724 290725 290726 290727 290728 290729 290730 290731 290732
 290733 290734 290735 290736 290737 290738 290739 290740 290741 290742
 290743 290744 290745 290746 290747 290748 290749 290750 290751 290752
 290753 290754 290755 290756 290757 290758 290759 290760 290761 290762
 290763 290764 290765 290766 290767 290768 290769 290770 290771 290772
 290773 290774 290775 290776 290777 290778 290779 290780 290781 290782
 290783 290784 290785 290786 290787 290788 290789 290790 290791 290792
 290793 290794 290795 290796 290797 290798 290799 290800 290801 290802
 290803 290804 290805 290806 290807 290808 290809 290810 290811 290812
 290813 290814 290815 290816 290817 290818 290819 290820 290821 290822
 290823 290824 290825 290826 290827 290828 290829 290830 290831 290832
 290833 290834 290835 290836 290837 290838 290839 290840 290841 290842
 290843 290844 290845 290846 290847 290848 290849 290850 290851 290852
 290853 290854 290855 290856 290857 290858 290859 290860 290861 290862
 290863 290864 290865 290866 290867 290868 290869 290870 290871 290872
 290873 290874 290875 290876 290877 290878 290879 290880 290881 290882
 290883 290884 290885 290886 290887 290888 290889 290890 290891 290892
 290893 290894 290895 290896 290897 290898 290899 290900 290901 290902
 290903 290904 290905 290906 290907 290908 290909 290910 290911 290912
 290913 290914 290915 290916 290917 290918 290919 290920 290921 290922
 290923 290924 290925 290926 290927 290928 290929 290930 290931 290932
 290933 290934 290935 290936 290937 290938 290939 290940 290941 290942
 290943 290944 290945 290946 290947 290948 290949 290950 290951 290952
 290953 290954 290955 290956 290957 290958 290959 290960 290961 290962
 290963 290964 290965 290966 290967 290968 290969 290970 290971 290972
 290973 290974 290975 290976 290977 290978 290979 290980 290981 290982
 290983 290984 290985 290986 290987 290988 290989 290990 290991 290992
 290993 290994 290995 290996 290997 290998 290999 291000 291001 291002
 291003 291004 291005 291006 291007 291008 291009 291010 291011 291012
 291013 291014 291015 291016 291017 291018 291019 291020 291021 291022
 291023 291024 291025 291026 291027 291028 291029 291030 291031 291032
 291033 291034 291035 291036 291037 291038 291039 291040 291041 291042
 291043 291044 291045 291046 291047 291048 291049 291050 291051 291052
 291053 291054 291055 291056 291057 291058 291059 291060 291061 291062
 291063 291064 291065 291066 291067 291068 291069 291070 291071 291072
 291073 291074 291075 291076 291077 291078 291079 291080 291081 291082
 291083 291084 291085 291086 291087 291088 291089 291090 291091 291092
 291093 291094 291095 291096 291097 291098 291099 291100 291101 291102
 291103 291104 291105 291106 291107 291108 291109 291110 291111 291112
 291113 291114 291115 291116 291117 291118 291119 291120 291121 291122
 291123 291124 291125 291126 291127 291128 291129 291130 291131 291132
 291133 291134 291135 291136 291137 291138 291139 291140 291141 291142
 291143 291144 291145 291146 291147 291148 291149 291150 291151 291152
 291153 291154 291155 291156 291157 291158 291159 291160 291161 291162
 291163 291164 291165 291166 291167 291168 291169 291170 291171 291172
 291173 291174 291175 291176 291177 291178 291179 291180 291181 291182
 291183 291184 291185 291186 291187 291188 291189 291190 291191 291192
 291193 291194 291195 291196 291197 291198 291199 291200 291201 291202
 291203 291204 291205 291206 291207 291208 291209 291210 291211 291212
 291213 291214 291215 291216 291217 291218 291219 291220 291221 291222
 291223 291224 291225 291226 291227 291228 291229 291230 291231 291232
 291233 291234 291235 291236 291237 291238 291239 291240 291241 291242
 291243 291244 291245 291246 291247 291248 291249 291250 291251 291252
 291253 291254 291255 291256 291257 291258 291259 291260 291261 291262
 291263 291264 291265 291266 291267 291268 291269 291270 291271 291272
 291273 291274 291275 291276 291277 291278 291279 291280 291281 291282
 291283 291284 291285 291286 291287 291288 291289 291290 291291 291292
 291293 291294 291295 291296 291297 291298 291299 291300 291301 291302
 291303 291304 291305 291306 291307 291308 291309 291310 291311 291312
 291313 291314 291315 291316 291317 291318 291319 291320 291321 291322
 291323 291324 291325 291326 291327 291328 291329 291330 291331 291332
 291333 291334 291335 291336 291337 291338 291339 291340 291341 291342
 291343 291344 291345 291346 291347 291348 291349 291350 291351 291352
 291353 291354 291355 291356 291357 291358 291359 291360 291361 291362
 291363 291364 291365 291366 291367 291368 291369 291370 291371 291372
 291373 291374 291375 291376 291377 291378 291379 291380 291381 291382
 291383 291384 291385 291386 291387 291388 291389 291390 291391 291392
 291393 291394 291395 291396 291397 291398 291399 291400 291401 291402
 291403 291404 291405 291406 291407 291408 291409 291410 291411 291412
 291413 291414 291415 291416 291417 291418 291419 291420 291421 291422
 291423 291424 291425 291426 291427 291428 291429 291430 291431 291432
 291433 291434 291435 291436 291437 291438 291439 291440 291441 291442
 291443 291444 291445 291446 291447 291448 291449 291450 291451 291452
 291453 291454 291455 291456 291457 291458 291459 291460 291461 291462
 291463 291464 291465 291466 291467 291468 291469 291470 291471 291472
 291473 291474 291475 291476 291477 291478 291479 291480 291481 291482
 291483 291484 291485 291486 291487 291488 291489 291490 291491 291492
 291493 291494 291495 291496 291497 291498 291499 291500 291501 291502
 291503 291504 291505 291506 291507 291508 291509 291510 291511 291512
 291513 291514 291515 291516 291517 291518 291519 291520 291521 291522
 291523 291524 291525 291526 291527 291528 291529 291530 291531 291532
 291533 291534 291535 291536 291537 291538 291539 291540 291541 291542
 291543 291544 291545 291546 291547 291548 291549 291550 291551 291552
 291553 291554 291555 291556 291557 291558 291559 291560 291561 291562
 291563 291564 291565 291566 291567 291568 291569 291570 291571 291572
 291573 291574 291575 291576 291577 291578 291579 291580 291581 291582
 291583 291584 291585 291586 291587 291588 291589 291590 291591 291592
 291593 291594 291595 291596 291597 291598 291599 291600 291601 291602
 291603 291604 291605 291606 291607 291608 291609 291610 291611 291612
 291613 291614 291615 291616 291617 291618 291619 291620 291621 291622
 291623 291624 291625 291626 291627 291628 291629 291630 291631 291632
 291633 291634 291635 291636 291637 291638 291639 291640 291641 291642
 291643 291644 291645 291646 291647 291648 291649 291650 291651 291652
 291653 291654 291655 291656 291657 291658 291659 291660 291661 291662
 291663 291664 291665 291666 291667 291668 291669 291670 291671 291672
 291673 291674 291675 291676 291677 291678 291679 291680 291681 291682
 291683 291684 291685 291686 291687 291688 291689 291690 291691 291692
 291693 291694 291695 291696 291697 291698 291699 291700 291701 291702
 291703 291704 291705 291706 291707 291708 291709 291710 291711 291712
 291713 291714 291715 291716 291717 291718 291719 291720 291721 291722
 291723 291724 291725 291726 291727 291728 291729 291730 291731 291732
 291733 291734 291735 291736 291737 291738 291739 291740 291741 291742
 291743 291744 291745 291746 291747 291748 291749 291750 291751 291752
 291753 291754 291755 291756 291757 291758 291759 291760 291761 291762
 291763 291764 291765 291766 291767 291768 291769 291770 291771 291772
 291773 291774 291775 291776 291777 291778 291779 291780 291781 291782
 291783 291784 291785 291786 291787 291788 291789 291790 291791 291792
 291793 291794 291795 291796 291797 291798 291799 291800 291801 291802
 291803 291804 291805 291806 291807 291808 291809 291810 291811 291812
 291813 291814 291815 291816 291817 291818 291819 291820 291821 291822
 291823 291824 291825 291826 291827 291828 291829 291830 291831 291832
 291833 291834 291835 291836 291837 291838 291839 291840 291841 291842
 291843 291844 291845 291846 291847 291848 291849 291850 291851 291852
 291853 291854 291855 291856 291857 291858 291859 291860 291861 291862
 291863 291864 291865 291866 291867 291868 291869 291870 291871 291872
 291873 291874 291875 291876 291877 291878 291879 291880 291881 291882
 291883 291884 291885 291886 291887 291888 291889 291890 291891 291892
 291893 291894 291895 291896 291897 291898 291899 291900 291901 291902
 291903 291904 291905 291906 291907 291908 291909 291910 291911 291912
 291913 291914 291915 291916 291917 291918 291919 291920 291921 291922
 291923 291924 291925 291926 291927 291928 291929 291930 291931 291932
 291933 291934 291935 291936 291937 291938 291939 291940 291941 291942
 291943 291944 291945 291946 291947 291948 291949 291950 291951 291952
 291953 291954 291955 291956 291957 291958 291959 291960 291961 291962
 291963 291964 291965 291966 291967 291968 291969 291970 291971 291972
 291973 291974 291975 291976 291977 291978 291979 291980 291981 291982
 291983 291984 291985 291986 291987 291988 291989 291990 291991 291992
 291993 291994 291995 291996 291997 291998 291999 292000 292001 292002
 292003 292004 292005 292006 292007 292008 292009 292010 292011 292012
 292013 292014 292015 292016 292017 292018 292019 292020 292021 292022
 292023 292024 292025 292026 292027 292028 292029 292030 292031 292032
 292033 292034 292035 292036 292037 292038 292039 292040 292041 292042
 292043 292044 292045 292046 292047 292048 292049 292050 292051 292052
 292053 292054 292055 292056 292057 292058 292059 292060 292061 292062
 292063 292064 292065 292066 292067 292068 292069 292070 292071 292072
 292073 292074 292075 292076 292077 292078 292079 292080 292081 292082
 292083 292084 292085 292086 292087 292088 292089 292090 292091 292092
 292093 292094 292095 292096 292097 292098 292099 292100 292101 292102
 292103 292104 292105 292106 292107 292108 292109 292110 292111 292112
 292113 292114 292115 292116 292117 292118 292119 292120 292121 292122
 292123 292124 292125 292126 292127 292128 292129 292130 292131 292132
 292133 292134 292135 292136 292137 292138 292139 292140 292141 292142
 292143 292144 292145 292146 292147 292148 292149 292150 292151 292152
 292153 292154 292155 292156 292157 292158 292159 292160 292161 292162
 292163 292164 292165 292166 292167 292168 292169 292170 292171 292172
 292173 292174 292175 292176 292177 292178 292179 292180 292181 292182
 292183 292184 292185 292186 292187 292188 292189 292190 292191 292192
 292193 292194 292195 292196 292197 292198 292199 292200 292201 292202
 292203 292204 292205 292206 292207 292208 292209 292210 292211 292212
 292213 292214 292215 292216 292217 292218 292219 292220 292221 292222
 292223 292224 292225 292226 292227 292228 292229 292230 292231 292232
 292233 292234 292235 292236 292237 292238 292239 292240 292241 292242
 292243 292244 292245 292246 292247 292248 292249 292250 292251 292252
 292253 292254 292255 292256 292257 292258 292259 292260 292261 292262
 292263 292264 292265 292266 292267 292268 292269 292270 292271 292272
 292273 292274 292275 292276 292277 292278 292279 292280 292281 292282
 292283 292284 292285 292286 292287 292288 292289 292290 292291 292292
 292293 292294 292295 292296 292297 292298 292299 292300 292301 292302
 292303 292304 292305 292306 292307 292308 292309 292310 292311 292312
 292313 292314 292315 292316 292317 292318 292319 292320 292321 292322
 292323 292324 292325 292326 292327 292328 292329 292330 292331 292332
 292333 292334 292335 292336 292337 292338 292339 292340 292341 292342
 292343 292344 292345 292346 292347 292348 292349 292350 292351 292352
 292353 292354 292355 292356 292357 292358 292359 292360 292361 292362
 292363 292364 292365 292366 292367 292368 292369 292370 292371 292372
 292373 292374 292375 292376 292377 292378 292379 292380 292381 292382
 292383 292384 292385 292386 292387 292388 292389 292390 292391 292392
 292393 292394 292395 292396 292397 292398 292399 292400 292401 292402
 292403 292404 292405 292406 292407 292408 292409 292410 292411 292412
 292413 292414 292415 292416 292417 292418 292419 292420 292421 292422
 292423 292424 292425 292426 292427 292428 292429 292430 292431 292432
 292433 292434 292435 292436 292437 292438 292439 292440 292441 292442
 292443 292444 292445 292446 292447 292448 292449 292450 292451 292452
 292453 292454 292455 292456 292457 292458 292459 292460 292461 292462
 292463 292464 292465 292466 292467 292468 292469 292470 292471 292472
 292473 292474 292475 292476 292477 292478 292479 292480 292481 292482
 292483 292484 292485 292486 292487 292488 292489 292490 292491 292492
 292493 292494 292495 292496 292497 292498 292499 292500 292501 292502
 292503 292504 292505 292506 292507 292508 292509 292510 292511 292512
 292513 292514 292515 292516 292517 292518 292519 292520 292521 292522
 292523 292524 292525 292526 292527 292528 292529 292530 292531 292532
 292533 292534 292535 292536 292537 292538 292539 292540 292541 292542
 292543 292544 292545 292546 292547 292548 292549 292550 292551 292552
 292553 292554 292555 292556 292557 292558 292559 292560 292561 292562
 292563 292564 292565 292566 292567 292568 292569 292570 292571 292572
 292573 292574 292575 292576 292577 292578 292579 292580 292581 292582
 292583 292584 292585 292586 292587 292588 292589 292590 292591 292592
 292593 292594 292595 292596 292597 292598 292599 292600 292601 292602
 292603 292604 292605 292606 292607 292608 292609 292610 292611 292612
 292613 292614 292615 292616 292617 292618 292619 292620 292621 292622
 292623 292624 292625 292626 292627 292628 292629 292630 292631 292632
 292633 292634 292635 292636 292637 292638 292639 292640 292641 292642
 292643 292644 292645 292646 292647 292648 292649 292650 292651 292652
 292653 292654 292655 292656 292657 292658 292659 292660 292661 292662
 292663 292664 292665 292666 292667 292668 292669 292670 292671 292672
 292673 292674 292675 292676 292677 292678 292679 292680 292681 292682
 292683 292684 292685 292686 292687 292688 292689 292690 292691 292692
 292693 292694 292695 292696 292697 292698 292699 292700 292701 292702
 292703 292704 292705 292706 292707 292708 292709 292710 292711 292712
 292713 292714 292715 292716 292717 292718 292719 292720 292721 292722
 292723 292724 292725 292726 292727 292728 292729 292730 292731 292732
 292733 292734 292735 292736 292737 292738 292739 292740 292741 292742
 292743 292744 292745 292746 292747 292748 292749 292750 292751 292752
 292753 292754 292755 292756 292757 292758 292759 292760 292761 292762
 292763 292764 292765 292766 292767 292768 292769 292770 292771 292772
 292773 292774 292775 292776 292777 292778 292779 292780 292781 292782
 292783 292784 292785 292786 292787 292788 292789 292790 292791 292792
 292793 292794 292795 292796 292797 292798 292799 292800 292801 292802
 292803 292804 292805 292806 292807 292808 292809 292810 292811 292812
 292813 292814 292815 292816 292817 292818 292819 292820 292821 292822
 292823 292824 292825 292826 292827 292828 292829 292830 292831 292832
 292833 292834 292835 292836 292837 292838 292839 292840 292841 292842
 292843 292844 292845 292846 292847 292848 292849 292850 292851 292852
 292853 292854 292855 292856 292857 292858 292859 292860 292861 292862
 292863 292864 292865 292866 292867 292868 292869 292870 292871 292872
 292873 292874 292875 292876 292877 292878 292879 292880 292881 292882
 292883 292884 292885 292886 292887 292888 292889 292890 292891 292892
 292893 292894 292895 292896 292897 292898 292899 292900 292901 292902
 292903 292904 292905 292906 292907 292908 292909 292910 292911 292912
 292913 292914 292915 292916 292917 292918 292919 292920 292921 292922
 292923 292924 292925 292926 292927 292928 292929 292930 292931 292932
 292933 292934 292935 292936 292937 292938 292939 292940 292941 292942
 292943 292944 292945 292946 292947 292948 292949 292950 292951 292952
 292953 292954 292955 292956 292957 292958 292959 292960 292961 292962
 292963 292964 292965 292966 292967 292968 292969 292970 292971 292972
 292973 292974 292975 292976 292977 292978 292979 292980 292981 292982
 292983 292984 292985 292986 292987 292988 292989 292990 292991 292992
 292993 292994 292995 292996 292997 292998 292999 293000 293001 293002
 293003 293004 293005 293006 293007 293008 293009 293010 293011 293012
 293013 293014 293015 293016 293017 293018 293019 293020 293021 293022
 293023 293024 293025 293026 293027 293028 293029 293030 293031 293032
 293033 293034 293035 293036 293037 293038 293039 293040 293041 293042
 293043 293044 293045 293046 293047 293048 293049 293050 293051 293052
 293053 293054 293055 293056 293057 293058 293059 293060 293061 293062
 293063 293064 293065 293066 293067 293068 293069 293070 293071 293072
 293073 293074 293075 293076 293077 293078 293079 293080 293081 293082
 293083 293084 293085 293086 293087 293088 293089 293090 293091 293092
 293093 293094 293095 293096 293097 293098 293099 293100 293101 293102
 293103 293104 293105 293106 293107 293108 293109 293110 293111 293112
 293113 293114 293115 293116 293117 293118 293119 293120 293121 293122
 293123 293124 293125 293126 293127 293128 293129 293130 293131 293132
 293133 293134 293135 293136 293137 293138 293139 293140 293141 293142
 293143 293144 293145 293146 293147 293148 293149 293150 293151 293152
 293153 293154 293155 293156 293157 293158 293159 293160 293161 293162
 293163 293164 293165 293166 293167 293168 293169 293170 293171 293172
 293173 293174 293175 293176 293177 293178 293179 293180 293181 293182
 293183 293184 293185 293186 293187 293188 293189 293190 293191 293192
 293193 293194 293195 293196 293197 293198 293199 293200 293201 293202
 293203 293204 293205 293206 293207 293208 293209 293210 293211 293212
 293213 293214 293215 293216 293217 293218 293219 293220 293221 293222
 293223 293224 293225 293226 293227 293228 293229 293230 293231 293232
 293233 293234 293235 293236 293237 293238 293239 293240 293241 293242
 293243 293244 293245 293246 293247 293248 293249 293250 293251 293252
 293253 293254 293255 293256 293257 293258 293259 293260 293261 293262
 293263 293264 293265 293266 293267 293268 293269 293270 293271 293272
 293273 293274 293275 293276 293277 293278 293279 293280 293281 293282
 293283 293284 293285 293286 293287 293288 293289 293290 293291 293292
 293293 293294 293295 293296 293297 293298 293299 293300 293301 293302
 293303 293304 293305 293306 293307 293308 293309 293310 293311 293312
 293313 293314 293315 293316 293317 293318 293319 293320 293321 293322
 293323 293324 293325 293326 293327 293328 293329 293330 293331 293332
 293333 293334 293335 293336 293337 293338 293339 293340 293341 293342
 293343 293344 293345 293346 293347 293348 293349 293350 293351 293352
 293353 293354 293355 293356 293357 293358 293359 293360 293361 293362
 293363 293364 293365 293366 293367 293368 293369 293370 293371 293372
 293373 293374 293375 293376 293377 293378 293379 293380 293381 293382
 293383 293384 293385 293386 293387 293388 293389 293390 293391 293392
 293393 293394 293395 293396 293397 293398 293399 293400 293401 293402
 293403 293404 293405 293406 293407 293408 293409 293410 293411 293412
 293413 293414 293415 293416 293417 293418 293419 293420 293421 293422
 293423 293424 293425 293426 293427 293428 293429 293430 293431 293432
 293433 293434 293435 293436 293437 293438 293439 293440 293441 293442
 293443 293444 293445 293446 293447 293448 293449 293450 293451 293452
 293453 293454 293455 293456 293457 293458 293459 293460 293461 293462
 293463 293464 293465 293466 293467 293468 293469 293470 293471 293472
 293473 293474 293475 293476 293477 293478 293479 293480 293481 293482
 293483 293484 293485 293486 293487 293488 293489 293490 293491 293492
 293493 293494 293495 293496 293497 293498 293499 293500 293501 293502
 293503 293504 293505 293506 293507 293508 293509 293510 293511 293512
 293513 293514 293515 293516 293517 293518 293519 293520 293521 293522
 293523 293524 293525 293526 293527 293528 293529 293530 293531 293532
 293533 293534 293535 293536 293537 293538 293539 293540 293541 293542
 293543 293544 293545 293546 293547 293548 293549 293550 293551 293552
 293553 293554 293555 293556 293557 293558 293559 293560 293561 293562
 293563 293564 293565 293566 293567 293568 293569 293570 293571 293572
 293573 293574 293575 293576 293577 293578 293579 293580 293581 293582
 293583 293584 293585 293586 293587 293588 293589 293590 293591 293592
 293593 293594 293595 293596 293597 293598 293599 293600 293601 293602
 293603 293604 293605 293606 293607 293608 293609 293610 293611 293612
 293613 293614 293615 293616 293617 293618 293619 293620 293621 293622
 293623 293624 293625 293626 293627 293628 293629 293630 293631 293632
 293633 293634 293635 293636 293637 293638 293639 293640 293641 293642
 293643 293644 293645 293646 293647 293648 293649 293650 293651 293652
 293653 293654 293655 293656 293657 293658 293659 293660 293661 293662
 293663 293664 293665 293666 293667 293668 293669 293670 293671 293672
 293673 293674 293675 293676 293677 293678 293679 293680 293681 293682
 293683 293684 293685 293686 293687 293688 293689 293690 293691 293692
 293693 293694 293695 293696 293697 293698 293699 293700 293701 293702
 293703 293704 293705 293706 293707 293708 293709 293710 293711 293712
 293713 293714 293715 293716 293717 293718 293719 293720 293721 293722
 293723 293724 293725 293726 293727 293728 293729 293730 293731 293732
 293733 293734 293735 293736 293737 293738 293739 293740 293741 293742
 293743 293744 293745 293746 293747 293748 293749 293750 293751 293752
 293753 293754 293755 293756 293757 293758 293759 293760 293761 293762
 293763 293764 293765 293766 293767 293768 293769 293770 293771 293772
 293773 293774 293775 293776 293777 293778 293779 293780 293781 293782
 293783 293784 293785 293786 293787 293788 293789 293790 293791 293792
 293793 293794 293795 293796 293797 293798 293799 293800 293801 293802
 293803 293804 293805 293806 293807 293808 293809 293810 293811 293812
 293813 293814 293815 293816 293817 293818 293819 293820 293821 293822
 293823 293824 293825 293826 293827 293828 293829 293830 293831 293832
 293833 293834 293835 293836 293837 293838 293839 293840 293841 293842
 293843 293844 293845 293846 293847 293848 293849 293850 293851 293852
 293853 293854 293855 293856 293857 293858 293859 293860 293861 293862
 293863 293864 293865 293866 293867 293868 293869 293870 293871 293872
 293873 293874 293875 293876 293877 293878 293879 293880 293881 293882
 293883 293884 293885 293886 293887 293888 293889 293890 293891 293892
 293893 293894 293895 293896 293897 293898 293899 293900 293901 293902
 293903 293904 293905 293906 293907 293908 293909 293910 293911 293912
 293913 293914 293915 293916 293917 293918 293919 293920 293921 293922
 293923 293924 293925 293926 293927 293928 293929 293930 293931 293932
 293933 293934 293935 293936 293937 293938 293939 293940 293941 293942
 293943 293944 293945 293946 293947 293948 293949 293950 293951 293952
 293953 293954 293955 293956 293957 293958 293959 293960 293961 293962
 293963 293964 293965 293966 293967 293968 293969 293970 293971 293972
 293973 293974 293975 293976 293977 293978 293979 293980 293981 293982
 293983 293984 293985 293986 293987 293988 293989 293990 293991 293992
 293993 293994 293995 293996 293997 293998 293999 294000 294001 294002
 294003 294004 294005 294006 294007 294008 294009 294010 294011 294012
 294013 294014 294015 294016 294017 294018 294019 294020 294021 294022
 294023 294024 294025 294026 294027 294028 294029 294030 294031 294032
 294033 294034 294035 294036 294037 294038 294039 294040 294041 294042
 294043 294044 294045 294046 294047 294048 294049 294050 294051 294052
 294053 294054 294055 294056 294057 294058 294059 294060 294061 294062
 294063 294064 294065 294066 294067 294068 294069 294070 294071 294072
 294073 294074 294075 294076 294077 294078 294079 294080 294081 294082
 294083 294084 294085 294086 294087 294088 294089 294090 294091 294092
 294093 294094 294095 294096 294097 294098 294099 294100 294101 294102
 294103 294104 294105 294106 294107 294108 294109 294110 294111 294112
 294113 294114 294115 294116 294117 294118 294119 294120 294121 294122
 294123 294124 294125 294126 294127 294128 294129 294130 294131 294132
 294133 294134 294135 294136 294137 294138 294139 294140 294141 294142
 294143 294144 294145 294146 294147 294148 294149 294150 294151 294152
 294153 294154 294155 294156 294157 294158 294159 294160 294161 294162
 294163 294164 294165 294166 294167 294168 294169 294170 294171 294172
 294173 294174 294175 294176 294177 294178 294179 294180 294181 294182
 294183 294184 294185 294186 294187 294188 294189 294190 294191 294192
 294193 294194 294195 294196 294197 294198 294199 294200 294201 294202
 294203 294204 294205 294206 294207 294208 294209 294210 294211 294212
 294213 294214 294215 294216 294217 294218 294219 294220 294221 294222
 294223 294224 294225 294226 294227 294228 294229 294230 294231 294232
 294233 294234 294235 294236 294237 294238 294239 294240 294241 294242
 294243 294244 294245 294246 294247 294248 294249 294250 294251 294252
 294253 294254 294255 294256 294257 294258 294259 294260 294261 294262
 294263 294264 294265 294266 294267 294268 294269 294270 294271 294272
 294273 294274 294275 294276 294277 294278 294279 294280 294281 294282
 294283 294284 294285 294286 294287 294288 294289 294290 294291 294292
 294293 294294 294295 294296 294297 294298 294299 294300 294301 294302
 294303 294304 294305 294306 294307 294308 294309 294310 294311 294312
 294313 294314 294315 294316 294317 294318 294319 294320 294321 294322
 294323 294324 294325 294326 294327 294328 294329 294330 294331 294332
 294333 294334 294335 294336 294337 294338 294339 294340 294341 294342
 294343 294344 294345 294346 294347 294348 294349 294350 294351 294352
 294353 294354 294355 294356 294357 294358 294359 294360 294361 294362
 294363 294364 294365 294366 294367 294368 294369 294370 294371 294372
 294373 294374 294375 294376 294377 294378 294379 294380 294381 294382
 294383 294384 294385 294386 294387 294388 294389 294390 294391 294392
 294393 294394 294395 294396 294397 294398 294399 294400 294401 294402
 294403 294404 294405 294406 294407 294408 294409 294410 294411 294412
 294413 294414 294415 294416 294417 294418 294419 294420 294421 294422
 294423 294424 294425 294426 294427 294428 294429 294430 294431 294432
 294433 294434 294435 294436 294437 294438 294439 294440 294441 294442
 294443 294444 294445 294446 294447 294448 294449 294450 294451 294452
 294453 294454 294455 294456 294457 294458 294459 294460 294461 294462
 294463 294464 294465 294466 294467 294468 294469 294470 294471 294472
 294473 294474 294475 294476 294477 294478 294479 294480 294481 294482
 294483 294484 294485 294486 294487 294488 294489 294490 294491 294492
 294493 294494 294495 294496 294497 294498 294499 294500 294501 294502
 294503 294504 294505 294506 294507 294508 294509 294510 294511 294512
 294513 294514
)
